105
97
76
98
87
80
92
80
91
75
48
61
60
59
42
55
38
42
47
36
37
34
27
34
25
33
34
17
29
24
23
31
23
20
22
25
15
17
22
16
22
16
16
9
16
10
11
14
15
22
20
18
21
18
15
24
18
15
9
15
15
16
14
12
19
17
40
23
29
18
31
23
41
23
34
37
33
45
33
30
42
35
51
44
62
58
45
69
56
56
87
72
90
75
85
85
69
84
99
98
99
85
101
102
110
125
99
110
135
102
124
125
118
153
151
139
120
146
122
155
137
148
122
133
171
155
122
121
145
136
155
141
123
136
120
133
123
140
168
160
127
176
151
125
136
135
127
134
129
122
151
127
133
106
132
136
122
127
121
132
148
149
132
153
125
145
155
131
148
142
168
143
163
173
128
137
158
145
143
165
156
154
146
144
124
140
150
173
147
149
159
175
142
179
132
173
152
162
153
122
169
157
158
156
151
160
157
145
140
165
172
133
175
174
154
170
181
160
161
183
159
178
173
143
154
137
156
166
141
123
174
149
141
141
137
145
142
138
132
140
135
107
143
143
147
133
138
157
136
123
159
155
160
130
127
126
134
140
141
128
135
142
102
113
145
128
131
134
109
107
134
128
92
101
106
90
86
97
117
80
59
71
66
44
78
73
79
44
64.5
65.5
47.5
56
47
40
51.5
53.5
44.5
45.5
33.5
53.5
48
41
30.5
27
42.5
28
18.5
24
25.5
16
21
20
2.5
9.5
18.5
13
7
11
8.5
2
6
32.5
11.5
6
8
10
12
10
11.5
7.5
6.5
7.5
5
14
12
4.5
4.5
4
8
6
10
7
5.5
11.5
8
7.5
5.5
11
6.5
9
14
11.5
10
15.5
31.5
30
15
22.5
39
37.5
39
31
54
58
73.5
68
73
112.5
102.5
108
124
151
129
140
145
155.5
197.5
199.5
206.5
214.5
246.5
294
275.5
255.5
257
271
291
249
292
310.5
293
330.5
288.5
267.5
251.5
245
221
228.5
238.5
228
221
235.5
212
227.5
231.5
188
175
187
195.5
213
184
201.5
191.5
198
215
203.5
200.5
198.5
153.5
149
147
147.5
158
168.5
148
147
157
151
181
134.5
149
164
145
121
114.5
158
133.5
148.5
146
147.5
101
134
122.5
112.5
135
165
137.5
139
148.5
131
130
175.5
175.5
155.5
179
181.5
151
153.5
174
204
160.5
164
167.5
183
172.5
167.5
214.5
180
190.5
178.5
169
166
208
175
163
168.5
171
174
147
187
170.5
199.5
164
194
31
0
0
0
0
0
0
0
0
0
0
0
0
0
0
0
0
0
0
0
0
0
0
0
0
0
0
0
0
0
0
0
0
0
0
0
0
0
0
0
0
0
0
0
0
0
0
0
0
0
0
0
0
0
0
0
0
0
0
0
0
0
0
0
0
0
0
0
0
0
0
0
0
0
0
0
0
0
0
0
0
0
0
0
0
0
0
0
0
0
0
0
85
56
36.5
51
48.5
54
37.5
52
46
41
38.5
39
26.5
34
18
30
25.5
28.5
25.5
18
20
28.5
18
14
3.5
18
20.5
23
15.5
17
11
8.5
9
20
15.5
17.5
5
7
5
12
13
11.5
6.5
6
8
8
10
6
10
17
5
9
6
9
12
14.5
15.5
5.5
8.5
7
7
6
18
11
10.5
14
22
15.5
25.5
28
23
23.5
44.5
45
37
39
55
68
79.5
85
74.5
88
100.5
100.5
91
110
135
155
160.5
163
204
225
260
229.5
269
253.5
300
267.5
263
321
267
271.5
286
276
256.5
275
243.5
195.5
243.5
206
198.5
225.5
209.5
183
206
210.5
209
191.5
201.5
173
199
165.5
188
144
146.5
149.5
162.5
154
162
192.5
181
175.5
168.5
170
135.5
149.5
127
139
163
128
112
113.5
117
111.5
114.5
151
101.5
125
123.5
24
0
0
0
0
0
0
0
0
0
0
0
0
0
0
0
0
0
0
0
0
0
0
0
0
0
0
0
0
0
0
0
0
0
0
0
0
0
0
0
0
0
0
0
0
0
0
0
0
0
0
0
0
0
0
0
0
0
0
0
0
0
0
0
0
0
0
0
0
0
0
0
0
0
0
0
0
0
0
0
0
0
0
0
0
0
0
0
0
0
0
0
0
0
0
0
0
0
0
0
0
0
0
0
0
0
0
0
0
0
0
0
0
0
0
0
0
0
0
0
0
0
0
0
0
0
0
0
0
0
0
0
0
0
0
0
0
0
0
44
52.5
60.5
55
41
37
56
34
43
33.5
38
17.5
25
28.5
21
18
15.5
23.5
17.5
14.5
21
15
19
19
2
19.5
14
14.5
13.5
17
7
12.5
12
10
7.5
4
2.5
5.5
4
1
4.5
1.5
3
2
2
9.5
3
1
1.5
1
1.5
9
5
2
3
10.5
2
4.5
7
5
7
10.5
8
8
7.5
10.5
11.5
27
35
19.5
22
26
25
32
47
40
37
54.5
61.5
68
85.5
89.5
104.5
102.5
88
96
126.5
127.5
142.5
166.5
210
216.5
261.5
229.5
243
287
287.5
260
283.5
287
273.5
293
280.5
253
292
264.5
255.5
268
223.5
226
216.5
208
209.5
212.5
198
220.5
254.5
201
199.5
208.5
179
199.5
215.5
228
199.5
198.5
196.5
195.5
184.5
183
172.5
175
129
162
163.5
169.5
156
152
155
170.5
179
142.5
160.5
167.5
155.5
175.5
66.5
0
0
0
0
0
0
0
0
0
0
0
0
0
0
0
0
0
0
0
0
0
0
0
0
0
0
0
0
0
0
0
0
0
0
0
0
0
0
0
0
0
0
0
0
0
0
0
0
0
0
0
0
0
0
0
0
0
0
0
0
0
0
0
0
0
0
0
0
0
0
0
0
0
0
0
0
0
0
0
0
0
0
0
0
0
0
0
0
0
0
0
0
0
0
0
0
0
0
0
0
0
0
0
0
0
0
0
0
0
0
0
0
0
0
0
0
0
0
0
0
0
0
0
0
0
0
0
0
0
0
0
0
0
0
0
0
0
0
1
0
0
64
47
49.5
59
42
53
49.5
28.5
51
47.5
37.5
25.5
27
24.5
26.5
23
18.5
25.5
17.5
22
25
17.5
17
23.5
1.5
12.5
10.5
9.5
25.5
17
17.5
10
15
11
7.5
9.5
12
9.5
12
14.5
11
6
11
12
13
10
5.5
15
7.5
14
10
8
6.5
3
3
9
6
5.5
6.5
10
14
3
13
8
10
26
45.5
22
31
34
19.5
29
40
38
43
40
37
62
80.5
80
117
82
113
108
110
133.5
106.5
151
165
188
212
170
243
241.5
282.5
274
291.5
311
321
252
282
265.5
281.5
251.5
257.5
265.5
266.5
284.5
235
220.5
241
184
213
226
204
230
205
191.5
199.5
195.5
205.5
203.5
219
197.5
206.5
201
203.5
200.5
191.5
199.5
185.5
200.5
151
146
174
164.5
155
141
157.5
139
0
0
0
0
0
0
0
0
0
0
0
0
0
0
0
0
0
0
0
0
0
0
0
0
0
0
0
0
0
0
0
0
0
0
0
0
0
0
0
0
0
0
0
0
0
0
0
0
0
0
0
0
0
0
0
0
0
0
0
0
0
0
0
0
0
0
0
0
0
0
0
0
0
0
0
0
0
0
0
0
0
0
0
0
0
0
0
0
0
0
0
0
0
0
0
0
0
0
0
0
0
0
0
0
0
0
0
0
0
0
0
0
0
0
0
0
0
0
0
0
0
0
0
0
0
0
0
0
0
0
0
0
0
0
0
0
0
0
0
0
0
0
0
0
0
0
0
0
0
0
1
0
0
0
0
0
0
0
0
0
0
0
0
0
0
0
0
0
0
0
0
0
0
0
0
0
0
0
0
0
0
0
0
0
0
0
0
0
0
0
0
0
0
0
0
0
0
0
0
0
0
0
0
0
0
0
0
0
0
0
0
0
0
0
0
0
0
0
0
17.5
23
30
44
39
52.5
54
55
89
85
101.5
109
101.5
101
123
110
140
147
185
187.5
220
254.5
269.5
236.5
262
313
283.5
312
290.5
255
281
274.5
291
252.5
274
289
239.5
226
234.5
219.5
218
210
241.5
236
218
224.5
210.5
226
218.5
207.5
200
197.5
234.5
230
264.5
217
173.5
283.5
237
174.5
181
178.5
159
151
170.5
157
158
12
0
0
0
0
0
0
0
0
0
0
0
0
0
0
0
0
0
0
0
0
0
0
0
0
0
0
0
0
0
0
0
0
0
0
0
0
0
0
0
0
0
0
0
0
0
0
0
0
0
0
0
0
0
0
0
0
0
0
0
0
0
0
0
0
0
0
0
0
0
0
0
0
0
0
0
0
0
0
0
0
0
0
0
0
0
0
0
0
0
0
0
0
0
0
0
0
0
0
0
0
0
0
0
0
0
0
0
0
0
0
0
0
0
0
0
0
0
0
0
0
0
0
0
0
0
0
0
0
0
0
0
0
0
0
0
0
0
0
0
0
0
0
0
0
0
0
0
0
0
63
71.5
74.5
73.5
66.5
58.5
56
52
57
37.5
50.5
44.5
51.5
44
19
29
36
18
26.5
16
31
19
28
18.5
5
31
19.5
31.5
13
26.5
17.5
16.5
14
18.5
16
18.5
23
7
22.5
10
21.5
15
8.5
18.5
14
8
8
2.5
14.5
8
15.5
9.5
12.5
7.5
14
8.5
11
13
19
13
11.5
19.5
13
10.5
11.5
14.5
9
32
20
23.5
30
23
28
31
23
35
44.5
40
51.5
42
57
50
80
74
64
74
69
109
117
115
112.5
108.5
127.5
106
123.5
161
119.5
150.5
134.5
148
174
148
195
189
177
162
193
189
170.5
183
183.5
215.5
177.5
200.5
187
203.5
206.5
190
173
199
183
188.5
161.5
184
201
182
173
180.5
184
185.5
169.5
174
153
159
154
168.5
154
169
183.5
168
163
174.5
108
150.5
152
144
154.5
155
137
127.5
147
121
132
147
144.5
137
151
121
137
151.5
137.5
139
179.5
165
164.5
176
191.5
157
161.5
166.5
186
146
166.5
151
117.5
170.5
170.5
163
157.5
171
192.5
148.5
189.5
193
184
157.5
170
185.5
173.5
152.5
186
173.5
176
202.5
164
174.5
161.5
177
165
157
184
152
185
200
172.5
169
189
205
176
163.5
177.5
187.5
243
212
223.5
223
221.5
215
194
209.5
208.5
233.5
230
201
200
227.5
206.5
203.5
177.5
145.5
168
161
147
131
131
150
122
158
111.5
127
129.5
107
143
144
130.5
129.5
117
110
110.5
109
109.5
120
85.5
108.5
111.5
109.5
102.5
115
97.5
111
106
106.5
131
101
109.5
120.5
80
111
99.5
82
92
93.5
84
85
98
90.5
60.5
90.5
59.5
68.5
87.5
62.5
65.5
58.5
71.5
50
66
56
0
0
0
0
0
0
0
0
0
0
0
0
0
0
0
0
0
0
0
0
0
0
0
12
0
27.5
23.5
36.5
20.5
28
20.5
21.5
20.5
19.5
20
7.5
16.5
12
15.5
9.5
10.5
13.5
11
16.5
19.5
9.5
12
7
15
11
11
15.5
12.5
7
7.5
15
9.5
12.5
7
16
15.5
20.5
12
17.5
13.5
15.5
23.5
31.5
26.5
21
37
24
17
21
32
25
22
32
35
35
48.5
59.5
56
65
68
60.5
61
60.5
77
73
70
73.5
67
78
87
81.5
87.5
100
106.5
82
105
90
99.5
118
113
106.5
120
89
126.5
121.5
121
133.5
101
146
150
138
132
135
128
123
125
136.5
144.5
164.5
134.5
144.5
149.5
117
159.5
152
164.5
102
151
147.5
147
157
169
147.5
135
123.5
131.5
136
120.5
124.5
136
139
130
123.5
118
105.5
114
106.5
122.5
118.5
115
116
134
138
122
79.5
138
132
119
122.5
156.5
113
132.5
159.5
117
139
158.5
158
133.5
160
151.5
142
154
144
144
122
173.5
145.5
151
157.5
135.5
153
140
127
168.5
160
162
164.5
148
131
184.5
175.5
176.5
158
163.5
152.5
3
0
0
0
0
0
0
0
0
0
0
0
0
0
0
0
0
0
0
0
0
0
0
0
0
0
0
0
0
0
0
0
0
0
0
0
0
0
0
0
0
0
0
0
0
0
0
0
0
0
0
0
0
0
0
0
0
0
0
0
0
0
0
0
0
0
0
0
0
0
0
0
0
0
0
0
0
0
0
0
0
0
0
0
0
0
0
0
51.5
37
39
37
29
31.5
38.5
45
36
31.5
28
28.5
36
17.5
29
29.5
32.5
21.5
30.5
29
9.5
19.5
13.5
22.5
5
20.5
31
17
20
15
16.5
26.5
8.5
11.5
15
18
5.5
10
10
10
15.5
13
6
14
8
5.5
8.5
5
7
7.5
3
8.5
8
12.5
7.5
14.5
6
7.5
11.5
1.5
14
7
14.5
11.5
9.5
15
16.5
22.5
22
27
29
27
38.5
46
43
45.5
56.5
71.5
92.5
99
120.5
143
138.5
119.5
115
127.5
150
157
167.5
203.5
201.5
216
248
236.5
244.5
258.5
273
286
269.5
272.5
273.5
248
249.5
267
292.5
280.5
285
236.5
232.5
240
260
234
202
209
209
218
221
222
223
219.5
218
181.5
207
175
200
159.5
172.5
170.5
147
168
185.5
176.5
156
148.5
157.5
161.5
169
159.5
176
127.5
142.5
141.5
163.5
171
170.5
144
135
140.5
132
132.5
114
136
131
135
124.5
125
155.5
133.5
121
117.5
134.5
146.5
183.5
156
178.5
172.5
170.5
188.5
173.5
185
164
190
168.5
176
184
169.5
183.5
164
174.5
161.5
152.5
166.5
174.5
179
168.5
147.5
150
168.5
150
176
195.5
159.5
56.5
0
118
47
0
0
0
0
0
0
0
0
0
0
0
0
0
0
0
0
0
0
0
0
0
0
0
0
0
0
0
0
0
0
0
0
0
0
0
0
0
0
0
0
0
0
0
0
0
0
0
0
0
0
0
0
0
0
0
0
0
0
0
0
0
0
0
0
0
0
0
0
0
0
0
0
0
0
0
0
0
0
0
0
0
0
0
0
0
0
0
0
0
0
0
0
68
59.5
55
56.5
51
44.5
50.5
43
32
34
41
40
33.5
29.5
22.5
27.5
31
21
27.5
19
17
15
23
13.5
7
27.5
19
11
15.5
16.5
15.5
9.5
17
8
6
12.5
10.5
23
9.5
7.5
10
15
7
7
4.5
6.5
7
12.5
7.5
9.5
14
10.5
7
8
7.5
13
17
8
6.5
8
8
9.5
15
10
13
12.5
26
16
27
30.5
27
29
35
29
54
45
53
56
74
66.5
110
102
96
96
124
104
125
130.5
161.5
172
203
177
238.5
272
270.5
290.5
282.5
275.5
280
291.5
307
327
275
264
277.5
272
240.5
277
229.5
208
240
215.5
235
230.5
227.5
225.5
209
219.5
211.5
232
202.5
199.5
227.5
207.5
177.5
197
172
173.5
162
161
185.5
164.5
165.5
147.5
159.5
170
163.5
164
174
144
2
0
0
0
0
0
0
0
0
0
0
0
0
0
0
0
0
0
0
0
0
0
0
0
0
0
0
0
0
0
0
0
0
0
0
0
0
0
0
0
0
0
0
0
0
0
0
0
0
0
0
0
0
0
0
0
0
0
0
0
0
0
0
0
0
0
0
0
0
0
0
0
0
0
0
0
0
0
0
0
0
0
0
0
0
0
0
0
0
0
0
0
0
0
0
0
0
0
0
0
0
0
0
0
0
0
0
0
0
0
0
0
0
0
0
0
0
0
0
0
0
0
0
0
0
0
0
0
0
0
0
0
0
0
0
0
0
0
0
0
0
0
0
0
0
0
0
0
0
0
0
0
0
0
0
0
0
0
0
0
0
0
0
0
0
0
0
0
0
0
0
0
0
0
0
0
0
0
0
0
0
0
0
0
0
0
0
0
0
0
0
0
0
0
0
0
0
0
0
0
0
0
0
0
0
0
0
0
0
0
3
16
9
11
6.5
21.5
17
21
22
29.5
29
27.5
43
41.5
41
45
73
64.5
74
80
81.5
96.5
93.5
104.5
106
115
142.5
143.5
171
178.5
203.5
217
260.5
220.5
266.5
281.5
277
240.5
249.5
266
277
246.5
230.5
247
201
210.5
191.5
181.5
160.5
186
163
170.5
168
164.5
156
180.5
175
188.5
174
187.5
185
159.5
146
174
171
143.5
143
179
167.5
148.5
145
157.5
166.5
155
148.5
141
165
180.5
64
0
0
0
0
0
0
0
0
0
0
0
0
0
0
0
0
0
0
0
0
0
0
0
0
0
0
0
0
0
0
0
0
0
0
0
0
0
0
0
0
0
0
0
0
0
0
0
0
0
0
0
0
0
0
0
0
0
0
0
0
0
0
0
0
0
0
0
0
0
0
0
0
0
0
0
0
0
0
0
0
0
0
0
0
0
0
0
0
0
0
0
0
0
0
0
0
0
0
0
0
0
0
0
0
0
0
0
0
0
0
0
0
0
0
0
0
0
0
0
0
0
0
0
0
0
0
0
0
0
0
0
0
0
0
0
0
0
0
0
0
0
0
0
0
0
0
0
60
68.5
57
45
58
54
34
31.5
38.5
43
40
26.5
25
23.5
14.5
29
24
14.5
30
15
18.5
26.5
18.5
17
7
17
18
18.5
20.5
15
8
15
14
19.5
16
6.5
13.5
11
14
9
10
8
5.5
8
7
7
3.5
5
13.5
12
10.5
4.5
6.5
4
8.5
6.5
9
12
9
15
12
4.5
5
14
10
13.5
9
15
23
28.5
31
39
28
39
43
40.5
58
59.5
70
73
81
89.5
116
89
99
115
116
130.5
172.5
183.5
198
190
235.5
242
261.5
284.5
296
275
310
281.5
303.5
293
305.5
262.5
273.5
279.5
239.5
236
234.5
244
202.5
208
177.5
192
230
195
209.5
173.5
190
221.5
193.5
184.5
216.5
209.5
191.5
190.5
167
185
165
163.5
168.5
159
180.5
139
157
147.5
178.5
176
155
183
192
118
0
0
0
0
0
0
0
0
0
0
0
0
0
0
0
0
0
0
0
0
0
0
0
0
0
0
0
0
0
0
0
0
0
0
0
0
0
0
0
0
0
0
0
0
0
0
0
0
0
0
0
0
0
0
0
0
0
0
0
0
0
0
0
0
0
0
0
0
0
0
0
0
0
0
0
0
0
0
0
0
0
0
0
0
0
0
0
0
0
0
0
0
0
0
0
0
0
0
0
0
0
0
0
0
0
0
0
0
0
0
0
0
0
0
0
0
0
0
0
0
0
0
0
0
0
0
0
0
0
0
0
0
0
0
0
0
0
0
0
0
0
0
0
0
0
0
0
0
0
0
0
0
0
0
0
0
0
0
0
0
43.5
31.5
29
24
15
12
20.5
23
18
16.5
6
20.5
15
16.5
22
12.5
13.5
19.5
18.5
11.5
15
15.5
7.5
5.5
11
11
13.5
13.5
11.5
8
13
4
9.5
8.5
4
4
7.5
4
3.5
8.5
3.5
3.5
1.5
6.5
5
3.5
7.5
6
7.5
4
5.5
4
5.5
17.5
21.5
27
19.5
25
30
35
36
56
55.5
56
69
84
81
82.5
99.5
108.5
106
105.5
104
121
178
183.5
188.5
205
249.5
205.5
246
262
271
248
269.5
270
281.5
263.5
288
293
294
285
297.5
269
206.5
242.5
235.5
207.5
191.5
203
199
226
255.5
219.5
221
186.5
197
216.5
210.5
162
197
182.5
182.5
188
182
173.5
192
163
188.5
167
188
186
206.5
214
196.5
184.5
127.5
0
0
0
0
0
0
0
0
0
0
0
0
0
0
0
0
0
0
0
0
0
0
0
0
0
0
0
0
0
0
0
0
0
0
0
0
0
0
0
0
0
0
0
0
0
0
0
0
0
0
0
0
0
0
0
0
0
0
0
0
0
0
0
0
0
0
0
0
0
0
0
0
0
0
0
0
0
0
0
0
0
0
0
0
0
0
0
0
0
0
0
0
0
0
0
0
0
0
0
0
0
0
0
0
0
0
0
0
0
0
0
0
0
0
0
0
0
0
0
0
0
0
0
0
0
0
0
0
0
0
0
0
0
0
0
0
0
0
0
0
0
0
0
0
0
0
0
0
0
0
0
0
0
0
0
0
0
0
0
0
0
0
0
0
0
0
0
0
0
0
0
0
0
0
0
0
0
0
0
0
0
0
0
0
0
0
0
0
0
0
0
0
0
0
0
0
0
0
0
0
0
0
0
0
0
0
0
0
0
0
0
0
0
0
0
0
0
0
0
0
0
0
0
0
0
0
45
54.5
52
65
63
80.5
74
61
89.5
101
110
108.5
121.5
138
119.5
137
126.5
119
149
161
150
148
138
161.5
160
182
185
193.5
186
162
195
195.5
174
191
197.5
187
182.5
195.5
172
170
199.5
176
176.5
179.5
181.5
188.5
201.5
175
181
201
198.5
200
194
153.5
159
155
176.5
152
146.5
161
146.5
160.5
158
170
172
167.5
159
171.5
141.5
147
156
177
148
120
152
135
135
163
151.5
156.5
121.5
161
143
163.5
168
149.5
166
173
176
175
175
151
154
160.5
198
175
181.5
172.5
156
172
179
186
157.5
165
149
173
156
155.5
156.5
164.5
176.5
167
155
139.5
164
175
150.5
145.5
151
172
156
169.5
170
157
156
159
197
207
188.5
157.5
183
200.5
199.5
229
188
190.5
220.5
199
210
179.5
202
167
173.5
202.5
210.5
182
190.5
219.5
211
161.5
156.5
198.5
170.5
161
130.5
131.5
146
134.5
136.5
120
115.5
117.5
96
128.5
122.5
135
134.5
121.5
136
138
119.5
123.5
97
104.5
125
87.5
26
0
0
0
0
0
0
0
0
0
0
0
0
0
0
0
0
0
0
0
0
0
0
0
0
0
0
0
0
0
0
0
0
52.5
38
37.5
62
28
48
50
38.5
34
47
33
33
34.5
38.5
21.5
34
18
44
17
38.5
20
24.5
55.5
25.5
13
21
15.5
19
14.5
8.5
13
16
15.5
11
13
8.5
10
7.5
15.5
10.5
11.5
18
6
6
11.5
7
2
7
13.5
8
10
7.5
7
13.5
7
4
6
6.5
10.5
9.5
3.5
2.5
13.5
7.5
5.5
8
10.5
14.5
13
17
24
21
30
28
36
30
25
28
37
45
53
42
53
53.5
51
54
62.5
58
69.5
69
78
76.5
67.5
69.5
67
76.5
91
98
102.5
92.5
116.5
98
114
126.5
109.5
115
123.5
142.5
124
116.5
120.5
114
90.5
133.5
118
113
140.5
128
149
121
139
144.5
157
141
146
159
161.5
146.5
153
156
163.5
116.5
144
132
136
155
168
132
138
126.5
146
159
131
90
0
0
0
0
0
0
0
0
0
0
0
0
0
0
0
0
0
0
0
0
0
0
0
0
0
0
0
0
0
0
0
0
0
0
0
0
0
0
0
0
0
0
0
0
0
0
0
0
0
0
0
0
0
0
0
0
0
0
0
0
0
0
0
0
0
0
0
0
0
0
0
0
0
0
0
0
0
0
0
0
0
0
0
0
0
0
0
0
0
0
0
0
0
0
0
0
0
0
0
0
0
0
0
0
0
0
0
0
0
0
0
0
0
0
0
0
0
0
0
0
0
0
0
0
0
0
0
0
0
0
0
0
0
0
0
0
0
0
0
0
0
0
0
0
0
0
0
0
0
0
0
0
0
0
0
0
0
0
0
0
0
0
0
0
0
0
0
0
0
0
0
0
0
0
0
0
9.5
12.5
15.5
15.5
12
12.5
5
2.5
9
12
8.5
6
11
5
9
8
7
8
10.5
3.5
12
8
3.5
4.5
9
10
9
9
9
4.5
9
7.5
5.5
10
6
6
21.5
61
30
30.5
40
41
49
58
43
64
96
101
86.5
136.5
128
124.5
111
125
124
150.5
201.5
200.5
208
203
251.5
244
261
275
279.5
280.5
304
300
295.5
274.5
228.5
271
320
292
244.5
244
223
258
222.5
206.5
218
201
186
158.5
204
218.5
170.5
206.5
182.5
185.5
202
204
186
178.5
163
155.5
173.5
184.5
172
152.5
145.5
154
160.5
124
148.5
151
161
136.5
144.5
160.5
134.5
152
167.5
60
0
0
0
0
0
0
0
0
0
0
0
0
0
0
0
0
0
0
0
0
0
0
0
0
0
0
0
0
0
0
0
0
0
0
0
0
0
0
0
0
0
0
0
0
0
0
0
0
0
0
0
0
0
0
0
0
0
0
0
0
0
0
0
0
0
0
0
0
0
0
0
0
0
0
0
0
0
0
0
0
0
0
0
0
0
0
0
0
0
0
0
0
0
0
0
0
0
0
0
0
0
0
0
0
0
0
0
0
0
0
0
0
0
0
0
0
0
0
0
0
0
0
0
0
0
0
0
0
0
0
0
0
0
0
0
0
0
0
0
0
0
0
49.5
48
50
40.5
40.5
37.5
47
38
30
37.5
32.5
36.5
41.5
22
24
29.5
21.5
31.5
21
25.5
25.5
23
16.5
11
3
27
19
16.5
21.5
14
15.5
16.5
12
7.5
13.5
9
7
13
9.5
11.5
6
5.5
11
12.5
9
4
8
7.5
5
5.5
9
9
9.5
9
14.5
10
6.5
6
7
6
10
8.5
8.5
12
12
21.5
10
21.5
28
26
24
22.5
32
32.5
46
39
54
74
62
81
91
83.5
126
108.5
92
127
121
161
144
181.5
200
198
239
235.5
258
265.5
276.5
256.5
268.5
286
327
281
243
240
264
251.5
259.5
195.5
213
210
219.5
190.5
226
203.5
186.5
211
211.5
217.5
208.5
199.5
191
189.5
159.5
180
149
184
165.5
209
222
207.5
199
206
207
201.5
192
157.5
139.5
151
147
166.5
153
164
163
160.5
175.5
182.5
161
145
157.5
171.5
157
114
160.5
132.5
145.5
135.5
155.5
135
123.5
0
0
0
0
0
0
0
0
0
0
0
0
0
0
0
0
0
0
0
0
0
0
0
0
0
0
0
0
0
0
0
0
0
0
0
0
0
0
0
0
0
0
0
0
0
0
0
0
0
0
0
0
0
0
0
0
0
0
0
0
0
0
0
0
0
0
0
0
0
0
0
0
0
0
0
0
0
0
0
0
0
0
0
0
0
0
0
0
0
0
0
0
0
0
0
0
0
0
0
0
0
0
0
0
0
0
0
0
0
0
0
0
0
0
0
0
0
0
0
0
0
0
0
0
0
0
0
0
0
53.5
49
40
53.5
31
25.5
27.5
34
47
26
19.5
20
24
24.5
22.5
25
21
14.5
20.5
17
16
21
17.5
8.5
1.5
14
16
14
9.5
20
11
17.5
12
5
6
3
8.5
9.5
9.5
8.5
6.5
5
5
3
4
9
7.5
0
6
8
5.5
1.5
6.5
2.5
2
4.5
1.5
8
3
5
3
6.5
6.5
5.5
4
3.5
7.5
14.5
37
36
27
28
30
36.5
32.5
47
59
60
63
57.5
89
88.5
110.5
91
102
100.5
139
129.5
157
161.5
216
217
207
229.5
266.5
249
265
255
243.5
280.5
302.5
280.5
324.5
288
292
268
206
255
269
233
230
212.5
189
137
256.5
236
201
234.5
203
185
205.5
200
214.5
217.5
199
209
158.5
191.5
182.5
157
182.5
174.5
158
156
167.5
168
159
152.5
160.5
150
145.5
162
146.5
168
153.5
101
0
0
0
0
0
0
0
0
0
0
0
0
0
0
0
0
0
0
0
0
0
0
0
0
0
0
0
0
0
0
0
0
0
0
0
0
0
0
0
0
0
0
0
0
0
0
0
0
0
0
0
0
0
0
0
0
0
0
0
0
0
0
0
0
0
0
0
0
0
0
0
0
0
0
0
0
0
0
0
0
0
0
0
0
0
0
0
0
0
0
0
0
0
0
0
0
0
0
0
0
0
0
0
0
0
0
0
0
0
0
0
0
0
0
0
0
0
0
0
0
0
0
0
0
0
0
0
0
0
0
0
0
0
0
0
0
0
0
0
0
3
0
0
0
0
0
0
0
0
0
0
0
0
0
0
0
0
0
0
0
0
0
0
0
0
0
0
0
0
0
0
0
0
0
0
0
0
0
0
0
0
0
0
0
0
0
0
0
0
0
4
9
9
3
8
9.5
6.5
9
7
7.5
14
8.5
15
7
22
12.5
6
13
16
22
23
33
33.5
31
40
40
40
40
45.5
85
67
63
72
81
108
79.5
103.5
126
109.5
123
154
178.5
205.5
219.5
225
223.5
297.5
250.5
239.5
277.5
307.5
319.5
291.5
276
317
279
250
273
240.5
248
261.5
223
231.5
245.5
186
194.5
212.5
194
186.5
199
201
195
196
177
220.5
180
169.5
187
180
174.5
158
163.5
173
164
141.5
153.5
164
143
145.5
165.5
161.5
169
42
0
0
0
0
0
0
0
0
0
0
0
0
0
0
0
0
0
0
0
0
0
0
0
0
0
0
0
0
0
0
0
0
0
0
0
0
0
0
0
0
0
0
0
0
0
0
0
0
0
0
0
0
0
0
0
0
0
0
0
0
0
0
0
0
0
0
0
0
0
0
0
0
0
0
0
0
0
0
0
0
0
0
0
0
0
0
0
0
0
0
0
0
0
0
0
0
0
0
0
0
0
0
0
0
0
0
0
0
0
0
0
0
0
0
0
0
0
0
0
0
0
0
0
0
0
0
0
0
0
0
0
0
0
0
0
0
0
0
0
0
0
0
0
0
0
0
0
55.5
45
30.5
38.5
37.5
52
31
35.5
32.5
38
24
22.5
20.5
29.5
31.5
24.5
15
21
22.5
23.5
18.5
19
22
14
6.5
11.5
9.5
9
17
16
13
15.5
9.5
10.5
13
12
12
12.5
8.5
11.5
9
10
12.5
7.5
10
13
12
4.5
8.5
8
10
9
12.5
9
5
11
12
8
9
7
7.5
9.5
14
10.5
13
10
18
27.5
13
22
30
18
36.5
31
48
44
51.5
51
65
71.5
93
95
104
80.5
88
116.5
107
120
152
193.5
165
194.5
232.5
228.5
257
250.5
253
311
302.5
288.5
352.5
308.5
269
284
294.5
273
250.5
225.5
229
209.5
216.5
201
214
161.5
196
214
230.5
170
178
185
195
189
197.5
180
196
177.5
195
181
170
160
164
174.5
180
165
158
128
149
161.5
143
181.5
186
161.5
114.5
0
0
0
0
0
0
0
0
0
0
0
0
0
0
0
0
0
0
0
0
0
0
0
0
0
0
0
0
0
0
0
0
0
0
0
0
0
0
0
0
0
0
0
0
0
0
0
0
0
0
0
0
0
0
0
0
0
0
0
0
0
0
0
0
0
0
0
0
0
0
0
0
0
0
0
0
0
0
0
0
0
0
0
0
0
0
0
0
0
0
0
0
0
0
0
0
0
0
0
0
0
0
0
0
0
0
0
0
0
0
0
0
0
0
0
0
0
0
0
0
0
0
0
0
0
0
0
0
0
0
0
0
0
0
0
0
0
0
0
0
0
0
0
0
0
63
69
72
58
50
70
49
40
42
47
49
47
35
44
38
31
27
27
49
23
24
41
25
21
1
19
23
20
12
29
17
10
22
18
11
19
5
16
13
15
19
15
14
7
15
9
8
7
6
9
9
10
7
11
8
5
12
9
4
9
11
9
11
14
17
6
8
13
30
28
32
28
30
50
51
62
47
82
78
94
122
90
133
114
101
124
160
148
175
181
191
227
241
256
273
292
311
266
310
314
265
275
315
260
278
288
233
232
244
218
228
220
201
198
203
211
186
178
179
156
190
145
173
170
168
153
140
156
171
155
144
167
149
151
146
139
157
164
156
134
137
150
167
145
163
169
144
167
136
167
123
117
114
127
142
137
124
153
155
129
116
140
162
141
189
168
172
168
154
173
170
166
148
148
236
156
183
198
173
182
205
160
182
183
148
174
176
179
173
0
0
0
0
0
0
0
0
0
0
0
0
0
0
0
0
0
0
0
0
0
0
0
0
0
0
0
0
0
0
0
0
0
0
0
0
0
0
0
0
0
0
0
0
0
0
0
0
0
0
0
0
0
0
0
0
0
0
0
0
0
0
0
0
0
0
0
0
0
0
0
0
0
0
0
0
0
0
0
0
0
0
0
0
0
0
0
0
0
0
0
0
0
0
0
0
0
0
0
0
0
0
1
0
0
0
0
0
0
0
0
0
0
0
0
3
13
10
14
10
19
15
7
6
13
20
10
11
6
12
7
9
10
8
9
7
10
4
7
13
11
9
10
6
10
10
8
5
7
3
5
4
9
11
7
6
7
16
7
8
14
11
5
9
13
12
14
37
22
27
32
32
40
29
37
54
59
79
63
76
83
101
119
112
119
99
134
146
185
184
183
217
257
276
289
311
289
316
323
338
294
268
258
277
286
222
227
194
244
213
235
229
227
211
210
205
190
183
209
202
176
190
181
165
188
193
176
163
159
162
195
179
167
160
154
172
162
154
171
151
157
154
148
92
0
0
0
0
0
0
0
0
0
0
0
0
0
0
0
0
0
0
0
0
0
0
0
0
0
0
0
0
0
0
0
0
0
0
0
0
0
0
0
0
0
0
0
0
0
0
0
0
0
0
0
0
0
0
0
0
0
0
0
0
0
0
0
0
0
0
0
0
0
0
0
0
0
0
0
0
0
0
0
0
0
0
0
0
0
0
0
0
0
0
0
0
0
0
0
0
0
0
0
0
0
0
0
0
0
0
0
0
0
0
0
0
0
0
0
0
0
0
0
0
0
0
0
0
0
0
0
0
0
0
0
0
0
0
0
0
0
0
0
0
0
0
0
0
0
0
0
0
0
0
0
0
0
0.5
0
0
0
0
0
0
0
0
0
0
0
0
0
0
0
0
0
0
0
0
0
0
0
0
0
0
0
0
0
0
0
0
0
0
0
0
0
0
0
0
0
0
0
0
0
0
0
0
0
0
0
0
0
0
0
0
0
0
0
0
0
0
0
0
0
0
0
0
0
0
70.5
127.5
100
101.5
115
91
149
149
179
184
210
228
270
273.5
276.5
275.5
283.5
287
244
243
232.5
249
256
235
225.5
271
197.5
233.5
232
225.5
241
198
196
215
207.5
217.5
206.5
230.5
210
228
220.5
211.5
202
222.5
215.5
186
204.5
168.5
182.5
163.5
155.5
157.5
123
155
159.5
175.5
143
149.5
97.5
0
0
0
0
0
0
0
0
0
0
0
0
0
0
0
0
0
0
0
0
0
0
0
0
0
0
0
0
0
0
0
0
0
0
0
0
0
0
0
0
0
0
0
0
0
0
0
0
0
0
0
0
0
0
0
0
0
0
0
0
0
0
0
0
0
0
0
0
0
0
0
0
0
0
0
0
0
0
0
0
0
0
0
0
0
0
0
0
0
0
0
0
0
0
0
0
0
0
0
0
0
0
0
0
0
0
0
0
0
0
0
0
0
0
0
0
0
0
0
0
0
0
0
0
0
0
0
0
0
0
0
0
0
0
0
0
0
0
0
0
0
0
0
0
0
0
0
0
54
46.5
44
50.5
49.5
49.5
41
47.5
41
39
36
39
22.5
35
23
41.5
30
20.5
21.5
35
29.5
20.5
20
23
8
16
13.5
17.5
17.5
21.5
19
16.5
14
11
11.5
10
17.5
27
11
8
25.5
5
10.5
13
6.5
11.5
11
11
8.5
8.5
7
6
13.5
9
6
4.5
7.5
15.5
18
10
11.5
9.5
14.5
13.5
18
18
13.5
7.5
25
17
33
50
38
35.5
36
39.5
43
54
65
81
83
88
93
102.5
100
118
136
127
171
136.5
193.5
185.5
230.5
215
276.5
292
285
281
274.5
298.5
317.5
276.5
266
291
318
290.5
276
240.5
265.5
266
234.5
213.5
204.5
228
209
215
212
213
201
182.5
193.5
160
189.5
188.5
183
174.5
159.5
165
168.5
161.5
134
165
150.5
187
146
163
153
147
147
143
158.5
130.5
163.5
142
134.5
22
0
0
0
0
0
0
0
0
0
0
0
0
0
0
0
0
0
0
0
0
0
0
0
0
0
0
0
0
0
0
0
0
0
0
0
0
0
0
0
0
0
0
0
0
0
0
0
0
0
0
0
0
0
0
0
0
0
0
0
0
0
0
0
0
0
0
0
0
1
0
0
0
0
0
0
0
0
0
0
0
0
0
0
0
0
0
0
0
0
0
0
0
0
0
0
0
0
0
0
0
0
0
0
0
0
0
0
0
0
0
0
0
0
0
0
0
0
0
0
0
0
0
0
0
0
0
0
0
0
0
0
0
0
0
0
0
0
0
0
0
0
0
0
0
0
0
0
0
0
0
0
0
0
0
0
0
0
0
0
0
0
0
0
0
0
0
1
0
0
0
0
0
0
0
0
5.5
8
9.5
13.5
12
14.5
15.5
11
8.5
10.5
8
7
16
9
9
5
9
6
10.5
8
11
10.5
8
13
8
5.5
7
9
15
12
18
7
6.5
12
14.5
41
28.5
32.5
20
22
37
42
55.5
45
66.5
61
70
75
88.5
96
114
106.5
114.5
121
115
149.5
185
204
232
216
223.5
250
282
295.5
285
291
328.5
298
280.5
292.5
290.5
275.5
326.5
245
221.5
254
206.5
212
220
200
226.5
173.5
197.5
196
215
205
189
167.5
199
180.5
137.5
188
146
156.5
186.5
187
170.5
157.5
186
154
150.5
183
156.5
187
170
139
0
0
0
0
0
0
0
0
0
0
0
0
0
0
0
0
0
0
0
0
0
0
0
0
0
0
0
0
0
0
0
0
0
0
0
0
0
0
0
0
0
0
0
0
0
0
0
0
0
0
0
0
0
0
0
0
0
0
0
0
0
0
0
0
0
0
0
0
0
0
0
0
0
0
0
0
0
0
0
0
0
0
0
0
0
0
0
0
0
0
0
0
0
0
0
0
0
0
0
0
0
0
0
0
0
0
0
0
0
0
0
0
0
0
0
0
0
0
0
0
0
0
0
0
0
0
0
0
0
0
0
0
0
0
0
0
0
0
0
0
0
0
0
0
0
0
0
0
0
66.5
76
70.5
74
63.5
61
55
51.5
45.5
61
54
49
39
47.5
37.5
35.5
43.5
35.5
31
25
35
31.5
25
19.5
5
26
26.5
37.5
23
18
17.5
22
20
7.5
12
19.5
13.5
15
14
28
14
14.5
15.5
10
14.5
15
20
13
20.5
14.5
10
11.5
11.5
13
12
14
6.5
11
10.5
3
13
10.5
26
11.5
28.5
10.5
23
26.5
19.5
23
19
29
32
25
37
34.5
36.5
36
37
39
66
51
67.5
59
80.5
101
103
94
125.5
131.5
189.5
174.5
247
221
241.5
221
269
246.5
285
309.5
314
267
335.5
248
249
227.5
260.5
246.5
243.5
225.5
189.5
213
204
164.5
182
171.5
179
164.5
155
185
165.5
185.5
196.5
182
165
201.5
171
183
161
179
177.5
186
186.5
187
154
205
159
166
173
152
168.5
198
158
184
150
193
154.5
156.5
162
139
141
178.5
129
144.5
141.5
147.5
168
155
138
164.5
171
162.5
161
162.5
143.5
187.5
204
175
161
168
184.5
160
196.5
159.5
167
173.5
8
0
0
0
0
0
0
0
0
0
0
0
0
0
0
0
0
0
0
0
0
0
0
0
0
0
0
0
0
0
0
0
0
0
0
0
0
0
0
0
0
0
0
0
0
0
0
0
0
0
0
0
0
0
0
0
0
0
0
0
0
0
0
0
0
0
0
0
0
0
0
0
0
0
0
0
0
0
0
0
0
0
0
0
0
0
0
0
0
0
0
0
0
0
0
0
0
0
0
0
0
0
0
0
0
0
0
0
0
0
0
0
84.5
77
72
73.5
73
60.5
84.5
52.5
75
66.5
65
43.5
51
43
50
45
40
45.5
48
34.5
32
25
25.5
43.5
12
25.5
22.5
30
17.5
24.5
32
23
27.5
19
31.5
26
25.5
13.5
14.5
20.5
27.5
16.5
19.5
19
7.5
25
13.5
15
24
24.5
10
19
12.5
26
20.5
13.5
17
17
17
9
8.5
15
11
14.5
18.5
14
17
11
17
18
30.5
26
27
23
35
39
40
43
37
49
42
39
45
58.5
63.5
60
68
57.5
64
65
79.5
71
77
83.5
91
105.5
88
81
91.5
90.5
105
111
112
103
124.5
124
114
110
134
99.5
117.5
156
130.5
121
118
168
136
183
146
125
143.5
146
149
136.5
128.5
176
165.5
147.5
132
160
165.5
145
135
135
134
158
138
146
148.5
140
134
131
141
172
124
115
131.5
140
147
141.5
135.5
138.5
120
130.5
166
119.5
138.5
115
140
123.5
123
124.5
126
146
141
125.5
165
140
139.5
148
158.5
158
136
162.5
145.5
142.5
133.5
154.5
159.5
141
135
147
156.5
148
163.5
153.5
151.5
133
153
158.5
145
142.5
137
121
145.5
134.5
163
148.5
138.5
159
142
199
170.5
167
161
153
134.5
175
136
113.5
155.5
152
148
180
168
172
160.5
142.5
177
154
167.5
191.5
178
165
164
137
138.5
147.5
177
149
130
119
128.5
131
147.5
127
128.5
123
136
147.5
149.5
107.5
135
116
118.5
137.5
145
140.5
119.5
150.5
135.5
150
135.5
135
126.5
132
129.5
111
129.5
148
115
125
129
120.5
160
137
121.5
102.5
115.5
136.5
115.5
110
102
98
108.5
97
94.5
94.5
99
92
67.5
79
96
72.5
90.5
66
82.5
63
58
74
71
61.5
53
53
55.5
59.5
60
53
46
45
48.5
49
33.5
33
32.5
35
38.5
23.5
31.5
30.5
27
19
1
22
21
17.5
27
16
22.5
27
22
16.5
13.5
15.5
14.5
12.5
9.5
20.5
8.5
15.5
13.5
18
13.5
6
14
9
16.5
6.5
11.5
7
10.5
6.5
6
8
6.5
8
10.5
11
10
8.5
6.5
11
13
22
18
17
18.5
31
37.5
23.5
33
40
52
60
58
83.5
75
94
112.5
95
111.5
130.5
124
117.5
100
167
180.5
187.5
208.5
204.5
234.5
234.5
259
283.5
269
270
270
262.5
251
301.5
281.5
295
238
231
200
159.5
246.5
256
258.5
214
227
212
261.5
222.5
234
206
217.5
164
229.5
178
202
228
214
209.5
183.5
174.5
163
164.5
170.5
198
166.5
160
171
177
148.5
158
135.5
155.5
143.5
167.5
172.5
153.5
164
163
163
153.5
150
126.5
133.5
134
140.5
150.5
148.5
128
149
143
123.5
117
149
164
155
158.5
158
144.5
193
198
176
193.5
189
210
162
161.5
162
174
190
167.5
181
155
171.5
175.5
171
165
162
171.5
157.5
162
186.5
177
163
199.5
181.5
171.5
188
166.5
190
186
165.5
175
153.5
166.5
193.5
178.5
154.5
189.5
199.5
209
197
152.5
198
221
245.5
250
224.5
226
237
253.5
262
210
266
280.5
265
230.5
252
261.5
213.5
201.5
220
203.5
191
176
164
149
226.5
228
228
167.5
169
179.5
159.5
177
181.5
196.5
166.5
206
186.5
168
186.5
223
209
212
163
219
203
214.5
180
164.5
167.5
156
168
146
136.5
119.5
144
153.5
157
146
118.5
140.5
129
145
95.5
136
115.5
121
96
120
125
114
112.5
82.5
87
92.5
71
89.5
61.5
55
63
56
63
60
45.5
37.5
57.5
60.5
37
53
48
41
38
22.5
27
22.5
21.5
30
25
24.5
35.5
30
22.5
20.5
6.5
19
22.5
27.5
19
17.5
20.5
15
20.5
17.5
13.5
20.5
6
15
14.5
17.5
14
5.5
8.5
14
11.5
13.5
9.5
16.5
14
14
10.5
5
11
10
9
9.5
9.5
7.5
11
7.5
10
12
7.5
20.5
12.5
15
10.5
16.5
24
20
27
16
34
36
27.5
53
44
59
65
64.5
96
84.5
88
87.5
77
115
122
131
147
186
176.5
195.5
240
257.5
266
299
266
279
265.5
304
298.5
314.5
265
259.5
282
259
225
251
235.5
201
196
204
213.5
210
233
216.5
223.5
230.5
216.5
184
190.5
198.5
202.5
190
166.5
177.5
169
191
149
154.5
188.5
182
161
164
149.5
172.5
173.5
179
161.5
148.5
185
162.5
136.5
178.5
169
170.5
160
132.5
141.5
149.5
154
119.5
153.5
141.5
145.5
138.5
139
135.5
160.5
149.5
140.5
141
174
160
173
170.5
168
166
205
194.5
186.5
183.5
214
202.5
199.5
214
221.5
209
195
190.5
172.5
187.5
175
177.5
158.5
159.5
153
157.5
174
193
175.5
179.5
155.5
173.5
170
155
188
184
162
182
180
157
174
154
198
170
218
196.5
213.5
186
176.5
203
225.5
232.5
275.5
228.5
222
221.5
259
269
240.5
243
211
236.5
242.5
233
207
230
231.5
191.5
227
198
203.5
140.5
208.5
190
201.5
207.5
171.5
198
180.5
191.5
193
184
181.5
170
168
180.5
223
213.5
208
212
212
206
237
212.5
183
219
193.5
182.5
164.5
192
140.5
136
157.5
160
153.5
162
156
118
123.5
122.5
120
121
127.5
107
98.5
145.5
124
120.5
108.5
88
99.5
92
69
62.5
70
70.5
85
83
56
63
64
66
62
36
50
45
36
32
45
33
43
43
35
29
26
36
30
36
25
26
8
23
20
26
26
27
16
18
17
19
16
13
21
14
18
9
16
8
18
16
14
10
15
13
7
18
12
8
15
10
14
7
9
14
13
10
15
9
13
14
23
15
17
18
24
26
25
30
23
36
47
46
47
58
58
72
93
90
79
107
93
111
88
144
165
166
174
229
209
271
273
273
296
259
270
303
288
306
297
270
274
279
252
184
221
209
216
206
212
203
202
220
190
213
210
229
196
206
219
184
176
189
176
163
184
156
199
179
185
186
190
153
171
158
153
166
161
176
184
163
146
196
162
146
135
140
145
167
130
143
144
136
123
134
147
146
163
160
143
187
165
161
180
161
164
178
161
158
193
155
182
171
175
179
154
172
173
156
158
136
156
153
168
193
180
176
177
195
173
203
196
191
182
196
175
204
192
208
176
187
177
191
196
212
217
169
172
206
228
244
241
237
226
264
266
252
266
290
259
252
263
230
239
208
244
196
202
185
181
167
203
181
186
208
189
181
156
183
189
183
196
178
174
186
201
224
216
230
183
189
210
185
191
155
173
200
158
156
147
148
153
157
158
136
133
121
138
122
115
99
95
119
111
99
114
108
95
115
92
81
61
68
86
75
66
64
68
60
59
50
60
53
48
54
48
43
41
23
40
44
41
25
26
35
31
29
28
26
8
25
30
29
22
25
22
23
19
20
18
25
14
14
15
24
16
18
9
9
16
17
12
12
6
12
9
9
11
13
15
9
14
17
10
14
14
16
20
21
8
10
20
15
21
32
31
25
25
32
45
43
46
51
57
65
83
86
109
100
92
106
121
123
171
181
192
223
217
288
283
297
305
300
285
303
301
293
290
292
286
280
231
212
231
206
220
199
226
192
209
219
207
228
210
201
204
189
194
189
191
179
180
167
160
170
169
182
182
165
165
173
169
139
161
161
185
149
166
134
183
181
164
118
138
152
137
132
143
138
120
138
130
173
159
175
114
166
145
136
166
167
159
185
182
158
183
160
195
165
188
175
167
172
185
176
156
171
187
139
133
155
161
218
194
189
179
147
167
165
204
133
198
185
231
191
190
188
198
166
166
194
183
210
175
193
187
244
249
251
280
243
232
256
251
269
244
239
240
245
237
239
211
230
232
183
170
204
181
160
172
189
215
194
161
180
210
175
195
164
203
155
168
163
190
229
259
221
211
209
206
171
178
190
168
166
210
153
172
163
158
141
149
153
141
119
112
101
112
108
111
80
131
113
105
128
95
86
86
90
79
85
73
61
66
71
71
62
57
54
55
43
54
57
29
31
43
28
38
35
30
23
38
31
24
23
21
31
3
26
21
29
23
22
20
11
19
14
22
16
11
17
3
12
12
9
14
11
5
7
11
17
11
16
16
15
19
15
8
7
9
9
5
12
12
13
14
9
6
17
16
19
13
36
14
27
25
43
44
46
37
39
72
62
81
79
94
96
98
108
118
144
116
181
201
199
218
265
249
292
264
305
274
310
333
285
292
270
264
307
223
234
244
221
231
220
209
188
215
227
230
201
172
201
188
188
187
187
156
181
172
159
159
165
182
181
190
171
144
179
148
183
147
170
168
191
156
159
182
189
165
145
164
142
134
134
149
147
168
156
163
155
181
170
129
150
183
159
166
209
186
166
255
184
188
194
200
200
208
221
226
216
195
182
179
168
189
193
164
183
188
179
160
186
207
155
150
186
183
152
211
218
189
198
199
199
247
199
191
213
204
218
194
206
199
253
286
251
289
251
258
208
271
256
241
217
211
223
233
234
228
226
232
173
203
182
199
159
196
209
245
225
214
227
207
199
196
153
182
161
167
184
186
176
201
170
160
162
154
146
167
166
133
111
116
129
94
82
134
90
115
134
119
98
111
112
110
99
103
86
99
106
91
118
82
72
76
73
67
107
74
78
65
76
55
74
60
50
48
59
48
39
41
29
41
33
41
31
33
31
25
17
28
30
24
25
4
33
27
20
28
20
20
27
21
16
19
22
16
29
17
24
15
11
23
16
9
12
15
12
17
9
6
16
15
13
7
6
10
7
19
15
10
18
17
14
15
15
12
13
12
22
25
28
26
32
31
47
36
50
36
44
56
59
57
54
83
82
81
106
119
102
106
141
144
117
120
184
117
150
167
171
156
153
174
165
172
188
179
190
173
173
179
158
178
187
183
192
192
187
179
207
228
252
236
205
205
206
205
197
206
209
253
196
239
228
180
242
200
160
189
226
200
219
226
239
159
234
220
151
169
143
134
166
146
148
167
133
150
117
145
119
139
162
139
159
174
158
166
146
182
152
184
176
129
144
183
138
140
161
166
168
136
156
128
136
159
178
167
141
176
155
145
169
147
160
172
156
182
164
166
155
176
172
153
189
136
180
181
194
183
179
179
183
210
195
192
213
222
194
211
209
205
192
187
207
180
175
170
176
184
140
194
180
151
158
158
163
155
157
176
161
172
170
160
157
151
158
156
142
155
138
149
128
135
135
121
174
113
118
130
98
120
120
114
133
123
138
121
139
120
125
101
147
129
105
131
102
100
114
108
108
85
104
93
84
104
75
84
94
81
70
82
72
67
71
72
42
49
67
44
43
50
36
35
31
45
42
59
33
38
22
33
31
5
30
32
27
33
26
38
22
18
25
17
14
17
23
26
17
27
15
18
21
15
8
22
19
20
14
17
17
23
17
16
17
9
10
15
9
15
18
19
17
16
12
12
11
19
19
26
28
26
28
29
25
45
30
36
45
44
40
49
46
60
45
61
77
68
68
53
71
91
82
90
82
94
68
83
77
116
110
99
98
97
104
126
109
117
109
103
131
136
135
130
126
149
133
106
126
136
134
129
164
163
151
140
159
151
140
147
124
150
133
150
119
164
149
141
151
123
138
147
143
155
144
123
127
92
127
124
127
102
146
127
129
123
130
133
155
125
128
140
121
135
156
141
125
163
136
132
137
143
133
146
124
150
146
160
126
157
136
136
161
143
156
150
128
138
146
146
142
137
151
165
133
196
173
141
140
168
150
138
160
133
169
176
161
162
169
152
137
160
155
145
172
155
142
171
125
140
167
147
130
150
138
121
123
134
176
155
130
126
140
189
149
176
126
146
140
147
131
143
145
181
120
151
106
119
144
130
139
101
121
143
98
130
131
150
141
140
121
98
117
110
118
123
93
130
132
109
103
105
87
121
83
80
85
88
87
90
80
78
80
86
69
75
58
65
73
63
53
59
48
61
47
56
56
41
50
29
31
40
29
32
45
36
32
28
32
22
25
2
24
24
18
23
17
9
20
12
22
23
14
26
9
7
19
12
12
11
9
13
17
9
13
11
11
7
16
15
7
10
11
8
6
12
8
12
13
18
11
18
21
15
6
22
14
40
28
33
36
45
66
65
79
77
101
106
122
131
133
104
117
115
163
157
193
207
196
205
271
283
277
302
271
274
299
286
244
277
237
252
303
233
162
244
243
203
225
211
242
191
223
210
208
198
162
199
199
190
170
177
148
179
153
180
166
161
171
139
143
156
152
123
156
163
149
154
193
144
152
154
147
170
147
143
129
136
130
127
115
125
133
129
144
148
113
157
151
163
129
176
165
179
142
174
176
171
179
134
155
179
173
161
177
181
157
173
147
0
0
0
99
197
167
186
167
170
171
156
187
157
151
182
169
164
176
191
166
148
159
204
194
213
198
167
182
203
211
239
222
246
241
207
230
232
237
286
242
209
197
214
213
193
204
214
198
175
189
155
164
190
196
200
184
203
206
195
181
180
198
173
186
160
172
197
219
199
235
204
199
166
200
177
168
162
175
183
216
156
174
150
149
143
138
147
130
126
119
113
104
111
120
106
122
129
120
101
93
84
82
72
67
81
69
82
60
56
51
62
44
56
66
38
43
38
36
49
27
23
36
19
31
25
21
26
26
27
30
11
23
23
23
22
24
11
20
20
12
12
8
17
14
7
14
13
7
20
14
17
10
18
17
12
13
11
10
10
12
12
12
16
13
12
6
10
21
14
12
10
11
20
15
15
23
32
22
27
26
35
35
46
60
78
80
72
84
75
79
86
117
105
128
130
168
195
183
203
201
249
219
239
216
264
266
286
237
224
252
260
222
179
219
200
220
180
203
206
211
210
199
185
190
194
184
162
225
188
169
144
142
129
152
143
135
158
136
150
147
155
156
172
173
149
146
115
137
143
160
123
132
145
135
133
127
115
135
112
117
131
119
118
113
139
110
131
129
134
131
172
139
154
159
139
163
148
156
151
147
156
170
144
144
181
163
196
161
136
130
148
173
157
140
143
140
167
149
144
163
157
170
167
186
147
138
175
164
122
166
169
139
143
178
151
184
161
154
199
225
206
185
167
205
207
240
202
217
217
228
203
215
201
184
164
195
174
168
167
144
173
187
176
161
168
160
163
162
158
179
147
153
131
169
178
176
194
205
188
184
177
168
162
166
173
132
135
135
157
153
145
137
138
139
121
116
108
115
115
116
113
120
88
122
125
84
83
90
76
96
76
64
62
67
69
55
60
48
61
64
44
47
50
46
36
35
31
33
28
25
22
31
19
32
19
27
23
21
9
21
16
22
17
22
19
25
19
15
21
10
20
19
16
13
15
11
10
12
10
13
18
19
8
14
11
22
20
11
12
9
8
15
17
7
9
5
24
18
13
18
27
17
18
19
36
30
32
37
37
44
54
65
70
73
73
101
89
104
80
101
139
123
150
175
177
186
245
221
253
298
276
239
306
332
315
256
265
271
292
275
241
235
221
222
205
200
213
213
188
211
202
206
196
219
187
213
204
178
200
165
162
176
152
169
192
166
159
155
182
146
153
167
139
139
167
144
151
170
178
138
173
130
142
140
154
160
164
133
151
140
143
143
155
150
142
152
160
174
175
180
188
182
186
191
194
157
206
174
173
179
194
164
156
151
171
148
202
181
153
176
160
137
170
155
176
148
167
191
178
179
204
179
169
176
158
167
156
158
179
183
208
173
201
187
208
192
211
216
250
241
207
227
247
262
250
232
268
283
248
221
206
224
224
195
184
166
179
176
203
231
211
214
217
190
178
205
202
191
182
188
167
194
206
216
218
215
234
206
199
202
194
171
183
169
185
174
142
155
152
166
131
138
166
151
161
114
153
144
116
111
88
118
128
119
121
76
103
116
79
85
93
70
79
67
63
63
61
71
58
55
35
56
54
42
35
42
28
28
39
43
41
16
17
22
47
28
7
25
24
35
17
16
18
16
18
18
27
13
15
8
15
18
10
20
16
10
8
13
9
11
15
23
11
11
14
13
12
12
13
7
14
17
8
14
20
14
15
9
11
12
27
32
30
34
38
34
38
55
42
61
67
66
88
81
96
101
79
115
135
123
142
199
176
203
202
254
284
272
283
288
297
286
308
308
271
335
296
270
233
214
154
222
203
226
220
231
196
187
260
216
213
210
203
201
192
93
246
170
190
149
180
172
146
169
153
179
207
148
160
171
175
151
172
179
191
154
186
142
146
164
155
128
145
123
119
149
142
127
119
173
167
121
138
147
163
154
161
147
144
187
169
183
178
182
168
182
179
201
174
150
153
180
163
165
176
192
151
158
180
166
180
170
173
179
170
176
169
187
153
184
196
200
165
156
183
187
164
223
199
194
204
170
191
192
236
256
221
222
247
239
273
217
308
254
234
266
279
250
237
235
230
212
201
171
173
179
228
213
195
189
188
203
160
207
175
202
200
185
202
204
191
221
220
192
224
201
196
203
171
176
199
184
164
156
184
154
161
147
177
144
149
153
126
116
116
111
112
106
106
111
119
109
126
95
77
100
76
94
81
74
98
70
64
58
67
61
44
55
43
43
48
47
37
37
30
32
37
34
33
30
34
28
23
19
9
28
26
17
25
25
20
15
18
18
17
17
19
22
10
7
7
9
13
15
12
7
9
14
10
8
11
14
4
7
6
8
8
9
11
11
8
6
11
16
11
10
10
17
19
19
23
30
23
17
28
38
41
48
56
77
76
88
100
137
98
85
123
119
159
155
154
185
213
184
251
248
222
271
267
282
300
291
314
321
301
278
292
254
253
219
237
217
204
217
236
225
226
211
216
224
192
185
165
123
122
227
201
155
139
172
159
173
175
149
157
148
163
176
159
153
155
158
204
170
174
154
157
143
136
136
165
143
171
136
150
136
111
174
161
144
147
142
131
158
183
166
163
160
160
190
163
156
170
169
191
184
166
162
176
167
149
167
158
169
157
144
178
174
155
180
159
186
175
193
187
167
183
186
211
195
193
177
187
177
182
144
192
197
197
223
226
263
284
294
275
259
219
279
250
277
226
181
224
224
189
236
224
240
197
167
212
161
144
167
185
211
193
162
190
184
183
204
188
159
164
176
206
170
187
203
198
158
174
145
138
147
173
173
122
134
149
137
129
151
127
135
119
105
122
124
115
156
115
106
107
107
107
90
91
99
106
94
98
82
88
83
66
85
77
51
58
56
50
60
23
66
60
53
44
42
34
34
33
35
22
26
24
30
20
26
19
16
7
14
19
14
23
21
13
18
19
18
13
12
11
15
23
18
13
17
18
9
14
11
6
8
8
12
13
14
15
14
17
14
14
13
26
10
12
15
17
17
10
20
18
14
18
13
18
15
30
35
29
22
41
37
28
38
55
44
72
75
66
94
96
111
112
93
127
110
142
134
129
120
136
123
167
138
157
195
140
169
136
156
146
140
176
142
166
176
160
159
145
195
170
178
185
185
182
174
147
176
182
149
160
162
182
169
159
133
175
155
177
177
135
145
143
152
128
158
148
118
168
162
133
157
146
123
150
121
123
152
145
127
155
171
139
136
162
153
141
168
117
166
157
161
166
166
172
157
193
179
187
164
172
152
158
171
178
151
166
164
161
161
177
166
161
159
179
171
185
192
197
161
236
211
197
192
154
159
166
198
175
185
176
186
170
165
188
204
219
215
221
208
267
215
189
251
180
212
246
208
237
222
242
187
183
147
116
120
141
129
156
129
160
121
145
109
109
114
107
120
143
111
111
102
129
117
118
81
81
134
106
82
102
106
139
113
110
117
112
122
116
95
96
87
112
63
84
81
98
72
119
95
87
95
87
109
77
107
80
97
109
78
85
95
67
66
65
78
68
59
55
47
50
46
60
34
39
45
31
41
39
31
38
30
29
20
18
36
13
41
35
35
24
29
31
35
22
21
19
16
20
26
25
25
20
23
10
20
12
10
19
16
15
14
10
10
11
7
17
17
18
11
13
19
15
24
21
11
12
11
19
20
12
29
55
19
22
17
27
24
26
32
30
38
53
48
40
51
51
57
67
68
56
67
60
64
75
78
81
62
96
79
86
103
80
82
81
97
96
104
124
93
89
102
89
110
101
113
112
113
126
138
109
143
130
163
135
151
129
134
136
131
123
138
130
129
136
176
121
135
134
112
160
122
140
103
144
147
118
118
139
131
139
121
111
118
129
89
119
108
132
118
141
130
97
140
126
165
150
135
127
154
145
147
138
143
154
125
160
146
130
141
134
116
143
146
144
119
153
123
153
147
160
146
137
131
145
167
140
158
135
129
141
163
140
156
120
165
151
129
147
158
153
141
169
143
164
134
147
149
158
151
138
132
172
152
144
126
161
134
103
136
135
96
116
103
96
133
106
129
101
107
124
116
109
97
131
110
142
119
128
115
91
123
130
91
112
121
164
110
100
86
112
132
114
90
113
112
111
97
101
97
84
108
82
81
97
94
94
66
68
66
42
56
58
65
56
62
68
65
63
54
66
54
58
47
35
38
49
36
37
38
34
32
23
28
36
25
30
27
28
33
31
30
11
18
6
23
19
18
20
16
15
16
22
10
12
11
23
14
7
13
13
10
12
15
15
8
8
10
6
10
9
6
11
9
8
13
7
16
8
9
5
14
11
22
11
17
23
14
17
17
33
29
28
50
43
53
57
67
83
91
98
121
122
125
91
112
134
158
184
202
199
234
233
231
237
277
281
282
313
293
300
293
288
289
264
270
236
210
224
245
201
215
180
172
215
195
203
192
193
193
208
190
163
176
195
156
156
182
180
180
136
145
159
152
163
164
131
157
146
160
165
155
155
168
157
150
140
146
134
157
131
131
149
119
127
133
135
165
145
141
163
153
160
168
177
148
158
154
153
155
165
192
157
174
172
166
177
165
172
191
181
205
216
203
199
186
168
159
174
159
165
183
166
220
164
187
158
187
176
161
199
200
165
183
201
168
212
201
220
183
181
203
223
250
254
205
218
231
228
263
234
247
253
234
245
211
206
225
202
198
191
161
139
165
172
186
213
194
180
170
218
192
195
212
192
138
184
161
204
214
244
228
192
202
189
193
193
175
164
186
163
167
166
167
152
162
138
129
156
128
132
150
116
128
116
117
111
118
108
101
106
102
94
87
83
64
65
60
82
73
69
60
47
74
52
43
52
44
32
34
38
42
26
33
23
31
33
25
31
20
17
22
5
21
32
19
19
30
20
15
13
22
25
20
15
12
17
15
20
7
11
8
18
17
16
13
22
11
15
12
12
14
17
7
10
10
16
7
8
7
11
18
6
20
14
9
16
12
12
29
25
27
42
42
51
60
60
72
87
103
96
104
87
118
106
154
168
173
196
189
207
254
269
311
289
301
292
295
305
297
300
269
285
291
257
220
209
223
208
237
197
199
192
200
206
227
193
209
217
198
201
191
162
181
195
164
149
169
181
166
165
158
158
186
183
187
155
178
164
164
161
163
165
172
121
152
158
149
141
135
126
125
136
144
116
155
148
160
131
146
163
157
157
197
189
174
176
179
187
191
175
161
156
187
154
163
173
178
172
156
160
184
169
170
181
184
171
150
208
185
171
224
169
163
196
188
198
187
192
174
181
229
221
241
208
202
218
221
201
204
226
245
247
246
209
234
235
259
245
234
238
252
228
249
215
174
172
162
197
156
136
141
131
178
181
190
166
227
163
175
183
178
191
175
174
190
207
218
196
185
207
222
186
185
183
150
148
166
160
148
142
129
152
116
165
142
107
114
116
117
122
104
104
90
93
110
112
88
107
68
61
64
57
75
65
53
53
45
36
32
50
36
31
37
30
35
66
37
44
52
32
17
28
17
19
20
16
14
19
25
13
24
16
24
16
8
19
10
14
11
9
12
8
10
18
19
7
10
9
9
6
12
7
5
8
12
10
7
6
1
16
9
15
12
9
10
23
17
16
10
6
18
22
12
25
19
14
47
31
37
49
36
50
45
50
65
77
87
120
101
88
98
134
132
164
185
188
216
237
243
236
251
277
284
290
294
264
267
303
266
224
277
252
213
246
246
245
202
236
172
194
247
216
220
206
191
188
158
186
173
200
155
175
173
159
172
152
137
163
150
155
168
156
142
158
170
178
187
173
140
150
163
152
131
154
143
136
134
148
125
120
138
128
139
135
128
136
125
157
150
177
125
187
186
162
206
187
167
185
190
164
177
174
170
171
184
186
162
164
225
148
174
198
176
212
185
197
186
183
202
187
194
168
195
172
202
201
178
191
160
184
225
235
186
188
172
172
204
254
263
221
222
218
254
248
197
304
280
245
255
260
229
243
216
231
179
184
160
213
141
183
168
202
204
192
196
175
176
202
174
161
157
155
182
192
211
192
206
219
197
198
181
181
160
174
160
152
155
143
151
128
138
118
146
144
134
137
155
113
112
126
114
95
103
115
98
99
66
87
94
79
49
75
70
56
41
33
39
52
32
39
45
40
68
48
24
38
41
24
33
30
37
32
24
35
15
18
20
4
22
18
14
20
20
19
36
21
11
13
15
12
12
9
12
15
13
11
17
19
15
10
8
14
13
31
8
6
13
14
10
15
27
15
9
10
31
11
31
43
33
9
16
13
17
47
21
33
32
39
50
56
44
68
74
76
89
95
97
104
113
119
154
135
170
202
210
178
239
269
276
289
287
285
320
290
290
258
260
303
275
290
219
250
213
210
216
215
215
227
222
221
193
196
214
207
242
228
201
205
224
188
191
182
170
178
159
133
170
168
182
167
154
158
172
153
164
160
190
185
162
181
133
137
147
142
130
144
141
135
145
133
161
129
147
164
144
153
142
141
165
163
182
184
176
173
151
212
220
199
181
189
163
0
0
0
0
0
0
0
127
156
166
169
174
171
174
155
183
176
153
200
159
166
179
194
179
202
199
175
198
174
205
178
224
173
167
225
236
252
203
241
235
222
240
270
269
224
239
253
227
237
212
217
172
198
204
163
171
163
223
177
204
178
189
185
173
168
186
163
170
171
143
203
202
229
209
219
203
192
168
186
180
168
144
148
170
154
123
128
130
135
151
116
111
122
123
110
112
118
90
82
108
120
107
93
99
75
98
67
78
67
56
67
56
46
45
42
39
44
43
43
32
38
19
33
36
30
27
33
21
27
22
23
23
22
18
7
17
19
19
24
23
14
14
16
8
13
10
14
13
11
20
16
14
9
9
8
11
12
6
9
16
13
4
11
14
9
9
13
10
10
14
11
16
27
20
13
27
14
20
32
18
20
34
24
27
44
45
54
47
68
78
83
91
107
97
92
107
120
139
131
170
190
212
215
226
244
274
259
295
270
306
308
307
302
292
267
298
297
262
260
210
215
192
215
206
180
232
206
215
190
209
211
176
207
185
174
185
214
152
159
176
160
171
168
178
167
164
155
160
157
153
166
143
152
168
174
190
176
178
142
133
123
177
179
146
147
149
147
135
160
163
157
146
178
169
158
165
152
186
202
169
195
193
180
203
163
204
210
179
210
192
187
168
182
182
159
179
174
169
195
178
182
178
160
186
162
173
187
197
159
195
210
193
196
204
182
195
212
204
213
207
232
281
281
271
300
277
278
275
286
267
252
252
270
293
262
313
266
267
232
209
190
224
185
184
232
249
216
212
232
186
205
211
221
182
208
166
170
191
166
190
179
212
187
165
194
149
148
150
138
155
163
171
178
129
152
154
142
121
141
153
134
136
140
137
139
150
138
105
109
132
114
114
108
87
112
113
91
87
86
73
79
89
79
79
75
71
67
79
72
57
66
39
37
77
43
43
41
35
45
34
45
29
14
37
33
26
23
20
27
28
32
2
0
0
0
0
0
0
0
0
0
0
0
0
0
0
0
0
0
0
0
0
0
0
0
0
0
0
0
0
0
0
0
0
0
0
0
0
0
0
2
18
25
26
22
37
36
35
65
63
62
71
81
67
95
88
119
111
118
121
155
159
132
127
148
140
157
165
154
152
181
188
164
198
202
178
207
189
192
197
200
176
194
161
179
181
181
174
210
191
207
204
174
191
193
205
209
183
205
155
180
179
160
145
190
173
142
148
166
157
166
141
144
150
166
143
161
142
143
149
133
147
168
156
141
163
132
130
147
171
145
166
163
160
144
182
168
164
190
144
167
171
180
178
170
183
194
144
165
188
175
156
137
138
164
166
175
150
158
173
174
176
153
173
182
165
201
196
151
156
211
207
186
203
194
203
191
206
194
196
220
220
237
230
210
182
198
193
203
187
225
198
199
184
224
173
178
150
173
191
177
190
168
168
156
176
168
159
137
158
193
162
148
153
131
157
137
147
126
151
144
126
118
113
143
121
106
143
129
105
137
132
105
125
108
105
154
115
111
105
96
107
87
106
86
113
92
86
113
71
88
93
83
72
88
76
64
91
73
74
71
60
68
45
59
54
58
41
63
58
46
47
40
36
30
38
28
36
31
34
8
38
34
33
23
25
33
30
22
26
23
25
17
18
22
19
14
30
21
22
29
16
25
16
15
11
13
15
14
17
16
22
17
12
16
20
11
19
13
18
11
12
17
15
15
18
22
23
25
22
31
32
52
31
30
40
42
48
46
55
58
62
65
80
66
68
67
76
93
68
79
90
84
90
94
105
96
115
108
108
123
104
112
105
135
110
134
130
127
113
148
128
138
114
151
155
115
154
131
146
145
141
143
152
138
128
144
117
127
143
161
133
189
198
142
161
211
126
218
199
209
143
147
149
113
129
118
110
136
128
123
140
135
120
120
134
151
135
145
136
142
163
139
134
148
147
172
155
142
138
135
150
179
117
160
150
139
132
142
145
152
171
144
173
122
165
152
139
156
155
149
140
145
154
138
146
128
119
130
140
143
123
156
140
161
154
151
148
163
171
156
154
151
138
177
177
174
182
167
154
135
107
117
117
90
135
120
130
132
124
114
168
157
134
111
122
141
158
139
136
150
122
111
118
103
157
148
124
134
155
131
137
125
109
123
123
93
104
108
125
113
97
101
111
105
99
87
86
95
84
91
71
72
69
75
80
56
74
56
69
68
54
70
55
61
41
37
33
43
36
37
32
49
36
38
27
18
16
23
29
22
21
20
19
18
20
19
14
8
15
20
19
14
9
7
18
12
11
14
12
13
13
16
15
11
10
15
11
10
10
13
9
6
11
11
6
14
8
12
8
9
8
9
5
8
7
18
17
16
11
7
21
15
12
28
17
18
47
49
55
64
59
83
80
100
121
105
112
112
128
132
158
159
197
199
244
259
260
299
303
266
291
307
324
330
277
258
299
257
270
275
212
220
222
229
226
221
194
186
197
227
189
196
174
189
203
184
207
159
215
153
176
168
145
173
180
182
158
153
187
157
135
145
147
169
158
145
152
159
190
168
141
126
153
144
117
138
145
128
149
149
173
157
161
147
155
144
155
147
153
179
170
162
181
172
178
157
189
198
175
172
180
173
170
171
169
178
170
157
73
160
168
199
186
215
193
169
193
190
202
183
194
191
172
204
185
168
183
183
203
187
200
179
166
220
220
220
262
234
216
218
211
212
238
234
202
250
241
222
205
160
212
160
184
177
183
179
177
165
197
206
144
157
179
176
168
226
166
175
213
253
170
208
199
205
208
194
182
249
185
163
180
152
151
150
143
136
147
102
122
116
128
125
121
111
121
90
87
137
84
112
113
102
89
78
97
87
77
63
46
56
61
57
31
63
43
45
43
47
42
44
38
35
43
32
29
16
23
38
20
23
24
19
18
24
24
2
16
17
12
11
15
17
13
12
13
18
15
9
13
11
12
9
13
11
8
9
8
8
11
10
14
12
6
12
13
12
12
8
10
6
22
9
9
15
22
10
14
8
23
19
23
23
13
23
29
50
45
48
53
61
71
84
90
116
88
97
98
88
123
127
149
182
183
186
202
238
260
253
264
262
268
265
266
252
249
232
254
229
235
215
249
203
203
165
210
231
179
170
171
196
168
211
187
175
203
200
186
183
161
169
168
161
125
144
162
155
156
158
150
155
155
135
139
152
171
124
135
137
132
133
123
120
166
120
133
106
126
123
145
139
137
129
143
157
163
168
164
167
157
157
162
172
171
165
171
172
165
173
189
173
166
141
174
195
163
170
161
166
157
160
166
161
162
161
171
156
154
141
168
146
165
157
163
179
170
182
182
171
179
198
180
152
171
217
220
198
245
232
218
205
196
221
227
227
208
193
197
181
201
163
153
138
142
144
118
147
189
181
167
163
172
123
168
161
179
168
159
145
165
163
207
168
165
171
185
173
168
159
169
163
148
172
140
162
135
153
149
126
117
121
129
102
99
98
111
128
104
107
112
108
85
102
88
92
83
73
79
61
72
69
52
69
60
39
55
54
34
43
34
31
32
34
28
28
26
31
31
26
29
25
17
20
15
3
27
15
23
9
15
19
17
20
17
11
16
15
19
6
12
13
7
11
11
6
12
12
5
8
11
16
18
11
9
14
11
9
10
32
6
14
14
21
13
13
11
27
19
15
25
33
16
29
30
39
42
44
69
70
76
84
86
101
100
90
113
124
145
141
169
221
220
250
262
270
305
262
284
285
294
303
284
277
251
288
285
249
218
263
216
218
229
203
182
182
236
186
220
214
199
192
170
198
182
194
184
181
213
193
176
177
194
168
185
164
182
182
155
166
148
186
158
166
169
159
156
160
128
153
157
111
131
163
139
128
142
156
137
158
152
150
150
141
173
167
174
170
167
180
203
197
193
166
176
161
156
180
192
163
148
149
183
194
177
170
171
159
178
180
165
182
171
172
171
169
177
176
194
162
199
167
154
191
192
181
188
223
198
201
208
248
255
248
263
257
251
279
213
244
209
185
137
114
91
46
64
174
190
185
189
201
177
166
134
195
208
216
197
189
215
194
199
192
169
204
175
167
176
197
244
176
212
191
215
185
208
165
186
154
175
167
159
151
146
132
153
121
144
119
125
132
100
99
95
93
104
95
135
90
79
72
95
153
101
72
70
67
68
89
82
66
65
81
52
51
46
36
48
35
38
40
33
28
22
12
21
19
15
27
18
23
10
5
21
18
14
16
9
14
17
9
13
13
6
12
5
16
14
9
14
6
10
7
11
6
10
10
6
6
11
13
9
6
12
11
14
8
18
11
9
12
18
18
10
19
17
25
12
13
26
19
35
33
35
55
52
62
81
85
76
97
96
101
112
121
144
148
177
193
209
234
220
272
287
276
295
317
309
273
298
291
281
275
273
276
206
248
237
193
185
216
236
200
240
225
181
187
194
182
190
207
208
216
175
199
178
192
174
157
146
170
169
187
143
179
131
173
154
175
164
196
167
162
155
148
143
166
136
142
146
139
148
136
131
138
151
139
152
141
161
135
148
171
144
162
207
230
225
196
232
241
258
216
238
238
225
183
209
205
194
200
180
183
173
182
165
156
162
187
160
180
182
192
197
165
157
156
193
177
187
204
194
203
186
190
201
212
174
184
207
284
256
228
221
239
199
229
212
293
230
255
235
217
212
206
201
177
181
190
184
155
201
178
195
187
206
172
174
189
182
210
192
194
215
199
213
223
232
225
234
200
192
209
185
161
174
198
143
174
161
118
146
122
120
100
121
123
118
116
115
123
97
120
116
119
118
120
101
99
103
88
75
63
117
72
63
96
50
49
38
38
41
40
20
0
0
0
0
0
22
27
30
17
21
25
20
30
9
16
18
5
12
11
14
15
15
20
10
12
17
12
14
15
17
9
7
20
14
10
7
11
8
7
8
12
13
8
17
16
10
8
9
10
13
14
6
15
18
13
11
17
12
13
18
17
14
24
12
24
43
31
40
43
47
63
72
92
84
88
97
120
122
123
130
143
170
228
199
211
233
240
44
262
293
342
330
271
277
253
271
269
275
264
252
217
238
243
223
233
196
203
188
210
196
225
200
205
224
214
203
189
210
189
172
181
168
170
170
177
150
202
162
153
144
160
191
157
158
139
158
153
150
196
134
142
143
188
158
150
146
113
156
166
140
154
151
159
165
167
167
190
180
162
146
178
178
158
187
182
163
187
162
174
173
195
171
182
167
190
193
158
166
165
200
202
198
185
185
198
180
161
180
172
164
225
205
213
208
195
191
185
209
228
253
234
235
223
246
294
283
320
278
274
253
298
292
248
265
262
249
250
242
254
221
188
192
231
182
217
184
195
236
0
201
228
197
165
203
180
224
199
204
172
166
219
219
202
207
196
182
187
177
163
187
172
178
186
167
180
167
171
140
143
116
154
147
140
124
130
108
116
112
111
119
119
110
100
147
121
91
95
94
77
85
47
54
53
30
30
49
43
46
29
23
35
21
28
27
40
27
13
22
22
18
29
11
24
15
4
18
9
18
18
21
20
14
14
15
21
12
10
11
18
13
19
19
15
16
7
10
13
15
13
7
16
8
9
4
8
9
12
9
10
16
10
20
24
12
12
17
15
24
15
18
22
27
5
22
36
35
31
51
58
69
85
84
104
102
99
122
118
124
154
166
187
205
224
239
248
244
257
230
213
303
289
250
250
290
238
230
204
240
214
208
175
183
215
210
222
182
195
217
221
229
198
209
202
209
153
242
241
272
247
229
220
178
176
155
184
167
128
155
171
170
169
173
195
200
189
172
162
168
143
120
133
145
124
141
144
146
118
144
146
148
157
180
146
144
160
161
185
153
183
177
151
209
172
172
190
186
168
167
191
157
181
136
171
156
153
140
153
143
146
158
184
147
179
154
148
173
173
177
158
165
151
158
173
226
176
193
210
173
194
174
206
229
282
254
257
248
259
272
242
255
258
229
212
234
129
76
149
163
204
149
163
127
189
148
162
176
160
168
166
203
148
149
143
154
137
142
133
133
140
197
253
175
156
169
144
144
137
158
140
122
135
127
132
116
147
128
115
116
98
85
96
81
87
83
76
60
62
85
83
84
79
60
59
55
45
46
50
60
47
66
55
40
50
53
39
42
56
35
38
46
29
34
25
33
21
26
30
33
29
21
14
27
4
12
13
18
14
21
16
14
21
23
16
17
19
15
12
13
16
10
9
26
18
13
16
14
8
15
12
12
15
11
14
12
8
7
11
6
4
11
20
19
18
15
13
23
14
23
24
24
35
53
50
57
65
75
69
98
133
159
130
122
136
136
158
185
178
232
236
222
242
232
250
286
265
294
280
274
296
281
256
265
270
328
287
210
236
238
242
220
224
195
215
219
189
189
239
213
233
205
215
227
172
201
165
160
179
154
170
151
155
158
137
167
143
156
156
145
142
135
142
168
137
162
153
137
137
122
139
133
138
146
129
116
121
146
134
158
168
134
139
152
155
153
181
176
161
162
170
139
165
169
182
152
172
157
181
199
182
152
168
178
179
189
151
173
158
157
186
194
158
180
190
173
200
179
172
184
177
191
231
187
192
159
192
189
175
198
175
190
221
222
248
221
214
225
229
247
240
211
233
239
200
187
228
205
210
207
187
200
170
167
200
223
223
214
195
207
192
175
227
205
200
175
177
153
192
202
188
219
230
179
210
204
170
164
168
141
151
121
157
131
132
123
135
132
139
120
123
101
142
108
104
89
90
114
121
116
118
91
87
77
91
65
60
54
60
51
54
50
49
41
46
31
57
36
27
31
36
44
39
23
27
15
16
21
30
32
23
15
4
14
26
29
18
15
21
18
17
16
11
12
9
18
13
18
13
15
20
11
9
24
13
36
7
6
21
13
10
12
16
11
4
14
16
10
11
12
15
16
13
15
24
19
20
19
24
28
32
26
39
44
46
58
72
79
97
88
121
137
136
141
143
138
173
190
224
230
255
214
242
299
222
295
304
303
314
271
283
284
276
267
239
207
268
206
241
207
232
240
224
203
214
219
202
237
194
187
179
189
179
209
184
206
202
192
187
167
164
158
158
157
135
161
170
184
178
137
168
143
174
148
133
168
164
134
133
121
152
120
153
142
121
131
141
154
141
163
160
152
141
176
176
157
194
205
185
171
154
187
178
192
194
190
205
195
171
186
176
172
201
158
185
159
197
186
201
163
169
186
195
165
214
201
170
182
183
191
190
204
201
200
238
210
206
220
216
221
238
252
293
228
240
219
248
265
283
230
272
249
238
275
222
227
202
188
218
175
153
160
170
226
224
189
178
196
196
192
193
201
199
168
197
158
207
201
196
190
215
194
223
177
188
182
174
176
154
150
146
145
153
164
144
121
117
147
117
112
110
94
116
101
96
123
118
110
101
77
94
85
71
83
89
66
3
3
2
0
