48
41
47
40
41
40
46
31
55
42
24
31
32
25
10
24
15
26
27
15
14
18
16
14
9
17
15
9
16
13
14
16
12
5
16
10
1
7
9
5
10
5
1
8
8
4
9
4
5
2
2
12
10
4
3
10
8
6
4
3
6
3
2
5
4
5
12
15
13
9
11
11
15
17
16
18
18
25
20
20
24
23
26
27
36
33
29
32
44
28
48
48
39
46
49
51
48
59
55
61
71
58
77
63
83
67
76
86
79
70
79
81
60
91
99
86
83
96
82
84
86
80
91
86
91
83
107
68
97
84
86
92
93
84
75
75
65
94
117
97
86
115
85
82
81
92
77
84
83
84
74
88
86
50
79
88
62
93
86
80
94
104
72
83
93
97
93
110
88
97
99
99
84
116
88
87
83
104
110
82
103
97
97
86
89
107
102
86
105
110
73
78
116
82
90
97
115
95
98
92
85
110
96
93
110
85
92
86
111
93
94
100
111
77
112
101
88
103
114
86
110
118
97
103
111
102
70
109
103
67
89
68
61
86
73
71
71
84
71
79
64
45
57
87
72
73
77
82
80
75
54
72
81
67
71
58
44
66
85
72
85
43
56
68
65
51
71
61
47
65
62
51
61
44
38
40
33
47
46
49
30
33
40
31
28
43
38
33
32.5
39.5
19.5
31
22
22
25.5
23
26
32.5
17
21
18.5
16
13
18.5
20.5
12.5
14.5
13
9
9.5
8.5
6
0.5
5.5
4.5
4
4.5
1.5
2.5
0.5
9
8
7.5
1
4
3
2.5
1.5
7
1.5
2
1.5
2
1.5
1
0
1
3.5
0
2
2.5
0
0
3
0
2
0
1.5
1
3.5
2
3
3
4
9
8
7.5
14.5
15.5
25.5
16
18.5
24.5
24
37
38
38
62.5
57.5
59.5
71
68.5
77
68.5
83.5
92
83
112.5
95.5
137
160.5
181.5
156.5
192
206
188.5
202.5
199
242
248
227
271.5
250
171
160.5
139.5
178
142.5
164.5
146.5
144
148.5
132
164.5
135.5
124.5
133.5
130.5
117.5
132
107.5
137.5
108.5
117
139
124.5
123.5
127
97.5
111.5
107
109.5
107.5
122.5
114
92
106.5
121
117
104.5
101.5
109.5
92
106.5
113
96
94
103
101
88.5
78.5
79.5
80.5
83.5
87
101
103.5
109
82
105
107
129.5
121
137
125
134.5
115.5
127.5
135
115
123.5
116
115.5
141
111.5
112
151.5
109.5
140.5
124
134
119.5
131.5
114
124
134
129
145
97.5
126
123
125
117
123.5
136.5
135.5
136.5
132.5
117
95.5
124
0
0
0
0
0
0
0
0
0
0
0
0
0
0
0
0
0
0
0
0
0
0
0
0
0
0
0
0
0
0
0
0
0
0
0
0
0
0
0
0
0
0
0
0
0
0
0
0
0
0
0
0
0
0
0
0
0
0
0
0
0
0
0
0
0
0
0
0
0
0
0
0
0
0
0
0
0
0
0
0
0
0
0
0
0
26.5
29.5
29
29.5
29
18.5
21
22.5
19
21.5
24
23.5
19.5
15
16.5
8.5
8.5
9.5
14
15
14.5
8
10
4
0
8.5
7.5
9
7.5
6
4
1
3.5
12
9.5
4.5
5
1.5
3.5
8
5
7
1.5
3.5
2.5
5
2.5
2
3
6
2
1.5
3
6
3
4.5
3.5
5
3.5
2
1
1
5
1
2
2.5
3.5
8.5
12
11
12.5
16
16.5
23
19.5
16
31
40
36
48.5
36
49
44
52.5
55
48
73
65.5
74.5
105.5
98.5
101.5
140.5
178.5
153.5
156.5
222
204.5
223
212
278
214
201.5
265.5
225
182.5
139.5
165
179.5
168
153
145.5
105
147.5
132
156
128
133
123.5
127.5
125.5
109
126
113
109
124.5
116
117
129
139.5
129
137
116.5
125.5
112
106
112
102.5
133.5
125
105
113.5
98.5
115.5
115.5
122
110
91.5
82
120.5
109.5
83.5
6.5
0
0
0
0
0
0
0
0
0
0
0
0
0
0
0
0
0
0
0
0
0
0
0
0
0
0
0
0
0
0
0
0
0
0
0
0
0
0
0
0
0
0
0
0
0
0
0
0
0
0
0
0
0
0
0
0
0
0
0
0
0
0
0
0
0
0
0
0
0
0
0
0
0
0
0
0
0
0
0
0
0
0
0
0
0
0
0
0
0
0
0
0
0
0
0
0
0
0
0
0
0
0
0
0
0
0
0
0
0
0
0
0
0
0
0
0
0
0
0
0
0
0
0
0
0
0
0
0
0
0
0
0
0
0
0
34
24
31
25
22
24.5
33.5
30
21.5
18.5
23.5
21
11
18.5
8
8.5
9.5
10
8.5
6.5
8.5
5
8
7
1
4.5
7.5
14
6
4.5
5.5
4.5
9
2
6
5
0
3.5
4
1.5
2
3.5
1
6
1.5
0
2
1
4
1.5
2
2.5
0
0.5
0
0
2
0
2.5
0.5
2
1.5
1
2
1
2.5
4
3
14
5
13.5
9
13
14
18
14.5
20
29
33.5
39
46.5
48
40
52
49.5
48.5
57
90.5
60.5
90.5
121
106.5
131.5
147.5
185
181.5
177
201
209
203.5
237
216
206.5
269.5
193
223
220
198.5
149.5
198
148.5
152.5
137
145.5
157
166
144
139
136.5
151.5
150.5
115
140
156.5
125.5
127
110
116.5
131.5
106
110.5
112.5
108.5
107
106
121.5
81.5
99
126.5
129.5
104
111
102.5
103
105.5
135
132
101.5
24
0
0
0
0
0
0
0
0
0
0
0
0
0
0
0
0
0
0
0
0
0
0
0
0
0
0
0
0
0
0
0
0
0
0
0
0
0
0
0
0
0
0
0
0
0
0
0
0
0
0
0
0
0
0
0
0
0
0
0
0
0
0
0
0
0
0
0
0
0
0
0
0
0
0
0
0
0
0
0
0
0
0
0
0
0
0
0
0
0
0
0
0
0
0
0
0
0
0
0
0
0
0
0
0
0
0
0
0
0
0
0
0
0
0
0
0
0
0
0
0
0
0
0
0
0
0
0
0
0
0
0
0
0
0
0
0
0
0
0
24
31
22.5
16
30.5
21
24.5
23
29
20
11
19
10.5
11
8
16.5
6.5
10
9
14
8
9.5
11
9.5
4
4.5
8
6.5
11
6
6
2
6
5
3
4
2
1
5.5
5
3
3.5
3.5
6.5
1.5
7
4.5
4.5
2
1.5
5.5
3.5
1
1
2
1.5
3.5
2.5
3.5
1
4.5
3
2
4
1
6.5
10
13
13.5
14
7
13.5
24.5
19
18
23
15
31.5
40.5
40
53.5
52
51
57
56.5
58
63.5
61.5
86
88
81.5
124.5
120.5
132
169.5
197.5
212
225
211.5
244
223
216
236
211
240.5
224.5
201.5
196.5
201
186
163
142.5
158.5
145
139
156.5
167
148
144.5
151.5
128.5
164.5
129
134
133
99.5
131
138.5
137
132
111.5
141.5
97
111.5
126
107
106.5
89.5
44.5
0
0
0
0
0
0
0
0
0
0
0
0
0
0
0
0
0
0
0
0
0
0
0
0
0
0
0
0
0
0
0
0
0
0
0
0
0
0
0
0
0
0
0
0
0
0
0
0
0
0
0
0
0
0
0
0
0
0
0
0
0
0
0
0
0
0
0
0
0
0
0
0
0
0
0
0
0
0
0
0
0
0
0
0
0
0
0
0
0
0
0
0
0
0
0
0
0
0
0
0
0
0
0
0
0
0
0
0
0
0
0
0
0
0
0
0
0
0
0
0
0
0
0
0
0
0
0
0
0
0
0
0
0
0
0
0
0
0
0
0
0
0
0
0
0
0
0
0
0
45.5
41
20
23.5
33
21.5
27
24
23
16.5
15.5
11
14.5
9.5
15
8.5
11
12.5
11
12.5
10
11.5
12
9.5
4
6
4
12
9.5
2.5
5
3
8
1.5
6
5.5
0.5
7.5
2.5
4.5
6.5
5
3.5
7
0.5
5
5
2
2
2
2.5
1.5
0.5
3.5
0.5
5.5
4.5
0.5
4.5
3.5
2
4.5
4
3.5
4
1.5
1
5
14
12
14.5
21
12
8.5
28.5
21.5
27
26.5
21.5
40.5
43.5
36.5
61
58.5
60
58
52.5
68.5
54
96.5
85
97.5
143
125.5
178.5
182.5
211
256
219
240.5
239.5
267
229.5
268
229
215.5
212
164.5
182
174.5
142
137.5
145.5
182.5
118.5
139.5
134
150.5
139
152.5
132
143.5
138.5
144.5
156
167
137
161.5
190
173.5
139.5
128
152.5
142.5
111
127.5
113.5
133.5
31
0
0
0
0
0
0
0
0
0
0
0
0
0
0
0
0
0
0
0
0
0
0
0
0
0
0
0
0
0
0
0
0
0
0
0
0
0
0
0
0
0
0
0
0
0
0
0
0
0
0
0
0
0
0
0
0
0
0
0
0
0
0
0
0
0
0
0
0
0
0
0
0
0
0
0
0
0
0
0
0
0
0
0
0
0
0
0
0
0
0
0
0
0
0
0
0
0
0
0
0
0
0
0
0
0
0
0
0
0
0
0
0
0
0
0
0
0
0
0
0
0
0
0
0
0
0
0
0
0
0
0
0
0
0
0
0
0
0
0
0
0
0
0
0
0
0
0
0
0
0
0
0
0
0
0
0
0
0
0
0
0
0
0
0
0
0
0
0
0
0
0
0
0
0
0
0
0
0
0
0
0
0
0
0
0
0
0
0
0
0
0
0
0
0
0
0
0
0
0
0
0
0
0
0
0
0
0
0
0
0
0
0
0
0
0
0
0
0
0
0
0
0
0
0
0
0
0
0
0
0
0
0
0
0
0
0
0
0
0
0
0
0
0
0
0
0
0.5
0
0
0
0
0
0
0
0
0
0
0
0
0
0
0
0
0
0
0
0
0
0
0
0
0
81
122
116
130
96.5
101
123.5
91
95
93.5
83.5
97
107.5
96
94.5
101.5
125.5
97.5
98
75.5
96
87.5
101
98
94.5
78.5
105.5
82.5
86
100.5
80
98.5
92
77.5
69.5
89
70.5
64.5
105
91
87.5
107.5
97
103.5
108.5
84
104.5
96.5
90.5
86
93.5
86
102.5
116.5
119
126.5
98
120
121.5
110
107
116
124
117
94
113.5
102
98
117
108.5
106.5
113
114.5
84.5
100
102.5
97.5
91
120.5
101
103
114
122
105.5
109
113
120.5
64.5
147
151.5
136.5
138
126.5
137
157
124.5
114.5
143
136
162
147
129.5
148
112.5
119.5
108
61
83.5
87.5
58.5
63.5
73.5
59.5
59.5
79
64
66
55.5
58
54
80.5
55
83
67.5
50.5
61
65
59.5
68
56
50.5
54
54.5
44.5
44.5
68
57
57.5
46.5
48.5
70
56.5
55
60
49
36.5
53
47
63
47
50
44.5
38
38.5
47
54
35
33.5
45
31
34
32.5
29.5
26.5
36.5
0
0
0
0
0
0
0
0
0
0
0
0
0
0
0
0
0
0
0
0
0
0
0
0
0
0
0
0
0
0
0
0
0
0
0
0
0
0
0
0
0
0
0
0
0
0
0
0
0
0
0
0
0
0
0
0
0
0
0
0
0
0
0
0
0
0
0
0
0
0
0
0
0
0
0
0
0
0
0
0
0
0
0
0
0
0
0
0
0
0
0
0
0
0
0
0
0
0
0
5
51.5
59
55
69.5
72
61.5
59
65.5
78
78.5
72.5
89.5
88
77.5
86.5
67.5
92.5
81
71.5
80
83
83
99
108
79.5
81
85.5
91
92.5
76
100.5
79
108
82
96.5
79
98
95.5
87.5
63.5
89.5
70.5
75.5
77.5
106.5
76
79
88
51
77.5
98
58
81.5
84.5
54.5
83
83
72.5
84
58
64
84.5
82
76
78.5
77
66
84.5
111
74.5
85.5
100.5
85
92
91.5
95.5
103.5
81.5
98.5
85
103
78.5
74.5
93.5
79.5
101.5
99
65.5
97
93.5
96.5
112
70.5
85.5
114.5
85.5
111.5
125.5
96.5
96.5
105.5
113.5
90
119
116
84
89
110.5
88.5
104
89.5
100.5
97.5
100
84.5
119
114
99.5
100.5
101
101
112.5
102.5
100
110.5
94
104.5
100.5
91.5
72.5
96.5
85.5
75.5
65.5
58
71
81.5
64
61.5
74.5
62
62.5
69.5
56
67
82
72
72.5
60.5
52.5
81
76.5
81
82.5
79.5
55
56
75
46
67.5
86.5
58.5
51.5
73.5
57.5
60.5
68
68
59.5
71.5
62
59.5
47.5
53
44.5
44.5
43
52.5
41
44
32.5
35.5
36
22
28.5
27
17.5
25
0
0
0
0
0
0
0
0
0
0
0
0
0
0
0
0
0
0
0
0
0
0
0
0
0
0.5
0
0
0
0
0
0
0
0
0
0
0
0
0
0
0
0
0
0
0
0
0
0
0
0
0
0
0
0
0
0
0
0
0
0
0
0
0
0
0
0
0
0
0
0
0
0
0
0
0
0
14.5
38.5
48.5
52
53
68.5
65.5
74
47
72.5
79
93
87.5
111
110.5
92
138
143
167
167
191.5
213.5
213
200.5
230
233
202.5
234.5
261.5
215.5
170.5
169.5
203.5
161.5
153.5
157
133.5
136.5
126.5
143.5
149
117
138
121.5
127
128.5
134.5
89.5
73
58
67
63
35
22
55
39.5
47.5
0
0
0
40
49
47
47
48
60
51
65
68
48
52
58
38
44
63
42
43
40
49
52.5
48
66
74.5
55
60.5
73.5
87
83.5
100.5
122
91
116.5
99
102
85.5
105.5
100
83
97
83
112
88.5
117
75.5
70
95
89.5
90.5
87.5
71
87
92
79
94.5
72
81
21
105
156
22.5
0
0
0
0
0
0
0
0
0
0
0
0
0
0
0
0
0
0
0
0
0
0
0
0
0
0
0
0
0
0
0
0
0
0
0
0
0
0
0
0
0
0
0
0
0
0
0
0
0
0
0
0
0
0
0
0
0
0
0
0
0
0
0
0
0
0
0
0
0
0
0
0
0
0
0
0
0
0
0
0
0
0
0
0
0
0
0
0
0
0
0
0
10
17
17
17
6
21
12
16
13
9
10
10
11
8
9
8
15
4
8
6
5.5
1
6
4
7
2
2
4
3
3
2
1
2
7
2
2
3
6
3
0
1
2
1
0
1
3
3
1
2
2
1
2
1.5
1
0
2.5
3.5
4.5
1.5
4.5
2
0
1
1.5
5
6
3.5
5
6
11
10.5
9.5
14.5
6.5
22.5
18
12.5
23
24.5
34
37
36
39
42
42.5
42.5
35
62
56
63
76.5
75.5
94
123.5
144.5
154.5
167
176
187.5
158
191.5
217.5
164
207.5
156
134.5
171.5
139
103
132
118
83.5
122.5
111
129.5
103.5
118
101
105.5
114
90.5
96.5
107
81
103.5
87.5
103.5
96.5
83.5
96.5
100.5
100
91.5
73
105.5
71.5
96.5
71
101
82.5
0
0
0
0
0
0
0
0
0
0
0
0
0
0
0
0
0
0
0
0
0
0
0
0
0
0
0
0
0
0
0
0
0
0
0
0
0
0
0
0
0
0
0
0
0
0
0
0
0
0
0
0
0
0
0
0
0
0
0
0
0
0
0
0
0
0
0
0
0
0
0
0
0
0
0
0
0
0
0
0
0
0
0
0
0
0
0
0
0
0
0
0
0
0
0
0
0
0
0
0
0
0
0
0
0
0
0
0
0
0
0
0
0
0
0
0
0
0
0
0
0
0
0
0
0
0
0
0
0
0
0
0
0
0
0
0
0
0
0
0
0
0
0
0
0
0
0
0
29
29
30
22.5
27
48
28
37
34
52
36
34.5
8.5
14
13
16.5
11
12
11.5
9.5
13.5
8
8
8
0
10.5
4
13.5
11
4.5
11
6
6
4.5
7.5
3.5
5
3
6.5
6.5
6
4
5.5
7.5
2.5
1.5
2
1
2.5
5.5
5
9
3
5
2.5
4.5
3
4
3
3
7
0.5
6
7
3
2
5
9.5
6.5
6.5
7
10
9.5
10.5
14
28
33
31.5
37
30
46.5
44.5
50
46.5
49
46.5
63.5
57
66.5
86
100.5
127
115.5
157.5
171
184
186.5
229
240
200.5
272.5
217
244
262.5
219.5
183.5
153.5
164
159.5
164
153.5
146.5
122.5
157.5
133.5
165.5
116.5
154
140
129
136.5
112.5
127.5
121
116
140
136.5
106
98
99
120
103.5
99
100
103.5
101
117.5
95.5
102.5
65
0
0
0
0
0
0
0
0
0
0
0
0
0
0
0
0
0
0
0
0
0
0
0
0
0
0
0
0
0
0
0
0
0
0
0
0
0
0
0
0
0
0
0
0
0
0
0
0
0
0
0
0
0
0
0
0
0
0
0
0
0
0
0
0
0
0
0
0
0
0
0
0
0
0
0
0
0
0
0
0
0
0
0
0
0
0
0
0
0
0
0
0
0
0
0
0
0
0
0
0
0
0
0
0
0
0
0
0
0
0
0
0
0
0
0
0
0
0
0
0
0
0
0
0
0
0
0
0
0
0
0
0
0
0
0
0
0
0
0
0
0
0
0
0
0
0
0
0
43.5
25.5
24.5
30.5
30
18
21
29
14.5
21
22
11.5
9
8
9.5
13
9
11
12
7.5
6
9
9.5
8
2
7
11.5
15
5
4.5
4.5
11.5
6
12.5
3.5
3
4
9
3.5
2.5
5
3.5
2.5
3
1
5
3.5
3
5.5
2
3.5
2
3
2
1.5
2.5
5.5
6.5
2.5
4.5
5.5
2.5
2.5
2.5
4.5
3.5
5.5
5.5
13.5
14
7.5
16
12.5
17.5
15
12
22.5
25.5
32
41
46.5
52.5
54
33.5
49
53.5
44
56
80
94
120.5
79
129
162
206.5
166.5
210
223
211.5
244.5
274.5
215
292.5
226
213
199.5
181.5
176.5
171
168
134
127
122
125.5
120.5
115.5
152.5
135.5
144.5
123
155
144
142.5
126.5
117
99.5
126.5
129.5
127.5
120.5
109
151
102.5
99.5
117.5
91
112.5
106.5
101
132.5
103
0
0
0
0
0
0
0
0
0
0
0
0
0
0
0
0
0
0
0
0
0
0
0
0
0
0
0
0
0
0
0
0
0
0
0
0
0
0
0
0
0
0
0
0
0
0
0
0
0
0
0
0
0
0
0
0
0
0
0
0
0
0
0
0
0
0
0
0
0
0
0
0
0
0
0
0
0
0
0
0
0
0
0
0
0
0
0
0
0
0
0
0
0
0
0
0
0
0
0
0
0
0
0
0
0
0
0
0
0
0
0
0
0
0
0
0
0
0
0
0
0
0
0
0
0
0
0
0
0
0
0
0
0
0
0
0
0
0
0
0
0
0
0
0
0
0
0
35.5
25.5
20
19
24
21.5
25.5
21
17
9
13
15
14
10
11
15.5
16.5
10.5
13.5
5
15
3.5
7.5
11
10.5
7.5
7
12
8
4
7
6.5
6
7.5
7.5
7
4.5
5
5
4.5
4.5
6
9.5
0.5
1
1.5
3.5
5.5
21.5
6.5
7
2.5
3
5.5
4.5
2
3.5
0.5
2.5
1
2
1
3
12.5
27
8
1.5
4
7
5
4
8.5
3
16
8.5
22
23.5
18.5
28.5
45
44.5
49
49
57.5
44
66.5
60
38.5
109.5
76.5
58.5
114
93
103
122
132
143
173
169.5
162.5
203
262
225.5
254.5
237
213.5
210.5
190
211.5
199
167
131
138.5
105
190
170
166.5
143.5
142
132
114
154.5
137
145
133.5
149.5
145
142
120.5
119.5
145.5
131.5
130.5
118
142.5
147
142
162.5
148
146.5
130.5
3
0
0
0
0
0
0
0
0
0
0
0
0
0
0
0
0
0
0
0
0
0
0
0
0
0
0
0
0
0
0
0
0
0
0
0
0
0
0
0
0
0
0
0
0
0
0
0
0
0
0
0
0
0
0
0
0
0
0
0
0
0
0
0
0
0
0
0
0
0
0
0
0
0
0
0
0
0
0
0
0
0
0
0
0
0
0
0
0
0
0
0
0
0
0
0
0
0
0
0
0
0
0
0
0
0
0
0
0
0
0
0
0
0
0
0
0
0
0
0
0
0
0
0
0
0
0
0
0
0
0
0
0
0
0
0
0
0
0
0
0
0
0
0
0
0
0
29
18
24.5
26.5
20
26
23
22.5
13.5
19
11
21.5
12.5
15.5
9
21.5
8.5
4
12.5
10
11.5
14
10.5
7
3
7
6.5
13
5.5
14
22.5
9
4.5
8
5.5
7
3
10.5
6
0.5
3
3.5
14.5
24.5
4
2.5
4
5.5
44
5
4
3
4.5
1
2.5
2.5
3
3.5
2.5
2.5
2.5
2.5
1.5
2.5
2.5
3.5
1
4.5
5.5
8
5
8
14
10
16.5
12
12.5
19.5
14
19.5
25.5
36
35.5
34.5
37.5
41
42
28
42
49
64.5
75
66
72.5
77
69.5
81
100.5
75
90.5
62.5
68
84
97.5
112.5
112.5
131
120
98.5
108.5
123
116.5
98.5
131
108.5
130
120.5
109.5
112.5
105.5
113.5
100
133
107.5
86
135
103
119.5
137.5
105
109
98.5
109
85
100
99.5
100.5
78.5
90.5
92
75.5
86.5
88.5
101.5
86
84
111
72.5
71.5
103.5
98.5
80.5
94.5
81
91.5
101.5
78
97
113
73.5
97.5
95.5
92
80
99.5
87.5
109
115.5
98.5
96.5
112
95
91
114.5
119
106
102
96
104.5
105
115
100
121
82
104
117
84
86.5
117.5
92.5
115
87.5
98.5
89
87.5
80
68
25
24
12
12.5
30
28
25.5
19.5
34.5
31
19.5
30.5
27.5
27
38
35.5
31
38.5
24.5
35.5
37.5
20
30
31
23
42.5
37.5
31.5
28
32
25.5
37.5
27
26
31
28.5
33.5
26.5
41.5
23
18
30.5
28
21.5
28.5
37.5
29
33
22.5
26.5
31
30
21.5
30.5
13.5
25
23.5
23
20
22
33
24
21.5
18.5
17
21
17
25
22.5
19.5
17.5
27
15
23.5
13.5
20
14
18
16.5
16.5
15
16
18.5
17
12
16.5
14.5
11
17
10
10
18
20
22
23
17
17
23
22
14
11
12
21
10
16
15
8
8
16
24
11
7
14
11
5
1
17
11
8
10
7
6
13
4
5
6
8
6
5
7
6
8
9
2
3
3
2
1
6
7
4
7
8
4
2
1
2
3
5
5
4
6
1
3
5
2
3
8
4
5
4
7
5
8
3
11
11
8
7
7
11
16
16
10
15
14
11
16
18
20
16
19
20
25
16
23
32
19
24
23
24
36
42
37
56
37
35
35
46
41
34
50
48
31
42
42
41
44
34
41
41
46
29
38
54
45
43
47
53
48
40
55
50
39
42
47
41
48
48
42
46
52
37
39
52
61
37
50
46
40
48
57
45
43
55
49
37
39
41
51
35
39
61
53
53
50
62
50
55
41
60
54
54
45
42
49
52
46
48
49
55
46
43
42
59
58
47
57
35
51
54
42
39
49
49
53
57
52
64
60
48
61
63
63
56
69
59
63
64
68
64
87
55
62
58
39
62
64
55
54
68
54
56
62
46
44
63
48
44
35
36
48
48
25
49
33
44
46
34
37
40
48
45
51
26
33
49
35
37
41
40
41
47
36
44
39
33
39
45
18
53
43
49
34
32
33
50
36
29
44
41
37
42
29
28
39
50
33
22
27
27
23
20
19
9
20
26
20
18
32
24
16
18
20
19
15
22
11
22
11
16
12
26
11
10
17
9
8
13
7
19
8
11
8
10
14
10
10
13
12
7
7
4
14
3
4
5
6
4
6
8
3
4
2
4
4
6
3
0
3
5
1
5
3
3
4
4
2
4
7
7
1
6
4
2
6
4
5
13
8
7
13
8
15
13
20
15
17
28
21
37
34
34
23
36
34
35
49
57
54
71
63
57
94
98
116
129
115
141
137
128
106
106
123
93
98
89
106
86
72
69
63
65
64
45
61
74
62
71
61
64
66
54
58
71
54
56
57
53
58
67
52
74
61
62
48
49
58
59
50
58
54
65
59
63
50
0
0
0
0
0
0
0
0
0
0
0
0
0
0
0
0
0
0
0
0
0
0
0
0
0
0
0
0
0
0
0
0
0
0
0
0
0
0
0
0
0
0
0
0
0
0
0
0
0
0
0
0
0
0
0
0
0
0
0
0
0
0
0
0
0
0
0
0
0
0
0
0
0
0
0
0
0
0
0
0
0
0
0
0
0
0
0
0
0
0
0
0
0
0
0
0
0
0
0
0
0
0
0
0
0
0
0
0
0
0
0
0
0
0
0
0
0
0
0
0
0
0
0
0
0
0
0
0
0
0
0
0
0
0
0
0
0
0
0
0
0
11
14
20
14
21
17
14
10
11
9
17
10
7
9
9
9
6
14
9
11
8
14
7
4
0
7
11
5
11
10
4
4
6
7
6
2
4
4
5
7
7
6
3
5
1
2
4
1
2
2
5
7
1
5
4
3
4
2
1
2
4
5
3
2
2
9
5
5
7
3
4
7
9
4
10
12
16
19
20
19
31
15
29
24
19
40
31
37
36
39
42
49
71
72
87
86
105
117
117
144
131
119
124
110
103
116
89
82
84
75
68
68
74
73
65
73
65
70
56
60
70
68
63
63
63
70
64
54
64
64
63
75
64
69
63
61
50
61
62
59
59
74
62
59
64
69
59
48
56
68
53
44
47
43
54
47
53
45
39
0
0
0
0
0
0
0
0
0
0
0
0
0
0
0
0
0
0
0
0
0
0
0
0
0
0
0
0
0
0
0
0
0
0
0
0
0
0
0
0
0
0
0
0
0
0
0
0
0
0
0
0
0
0
0
0
0
0
0
0
0
0
0
0
0
0
0
0
0
0
0
0
0
0
0
0
0
0
0
0
0
0
0
0
0
0
0
0
0
0
0
0
0
0
0
0
0
0
0
0
0
0
0
0
0
0
0
0
0
0
0
0
0
0
0
0
0
0
0
0
0
0
0
0
0
0
0
0
0
26
22
20
14
17
8
14
12
24
15
9
9
10
7
13
12
6
7
9
10
10
10
9
6
0
6
4
6
6
11
7
9
16
3
11
3
5
5
4
10
6
2
1
2
4
7
2
1
4
8
3
2
2
5
1
3
5
3
3
4
2
2
3
6
2
5
4
5
8
10
5
10
6
8
8
10
15
14
16
20
28
21
25
25
27
27
26
28
45
41
42
57
36
58
72
99
109
103
127
133
147
106
140
124
115
92
90
63
84
85
88
69
76
82
66
85
72
74
76
75
57
72
67
75
69
64
50
66
55
64
66
53
69
66
57
70
67
66
60
71
51
59
70
57
34
0
0
0
0
0
0
0
0
0
0
0
0
0
0
0
0
0
0
0
0
0
0
0
0
0
0
0
0
0
0
0
0
0
0
0
0
0
0
0
0
0
0
0
0
0
0
0
0
0
0
0
0
0
0
0
0
0
0
0
0
0
0
0
0
0
0
0
0
0
0
0
0
0
0
0
0
0
0
0
0
0
0
0
0
0
0
0
0
0
0
0
0
0
0
0
0
0
0
0
0
0
0
0
0
0
0
0
0
0
0
0
0
0
0
0
0
0
0
0
0
0
0
0
0
0
0
0
0
0
0
0
0
0
0
0
0
0
0
0
0
0
0
0
14
20
22
14
18
22
21
14
12
11
13
13
7
11
9
8
6
7
8
3
4
8
12
7
2
4
11
11
6
7
7
4
7
10
5
4
6
11
3
6
5
8
4
3
8
3
4
1
4
6
4
0
1
1
4
4
6
2
4
6
3
1
1
6
8
4
6
7
7
4
6
5
7
11
14
8
11
11
15
19
20
24
28
17
19
33
20
28
39
40
30
59
60
60
68
97
96
131
118
151
134
143
140
128
89
88
79
74
104
76
74
78
52
73
66
66
66
61
66
69
73
64
72
63
52
55
67
56
71
76
59
52
54
66
48
62
61
50
57
67
34
0
0
0
0
0
0
0
0
0
0
0
0
0
0
0
0
0
0
0
0
0
0
0
0
0
0
0
0
0
0
0
0
0
0
0
0
0
0
0
0
0
0
0
0
0
0
0
0
0
0
0
0
0
0
0
0
0
0
0
0
0
0
0
0
0
0
0
0
0
0
0
0
0
0
0
0
0
0
0
0
0
0
0
0
0
0
0
0
0
0
0
0
0
0
0
0
0
0
0
0
0
0
0
0
0
0
0
0
0
0
0
0
0
0
0
0
0
0
0
0
0
0
0
0
0
0
0
0
0
0
0
0
0
0
0
0
0
0
0
0
0
0
0
0
0
0
0
0
0
0
0
0
0
0
0
0
0
0
0
0
0
0
0
0
6
9
7
8
14
5
11
2
5
8
4
8
7
5
1
2
9
3
3
5
2
5
9
6
2
10
4
1
5
7
4
5
4
3
5
0
6
5
0
4
5
3
3
3
6
6
4
6
5
5
7
6
5
9
5
7
7
14
5
9
16
17
21
15
27
24
20
27
30
25
32
34
40
48
44
53
71
78
86
112
106
123
137
129
139
128
116
108
106
84
90
77
78
69
63
76
53
65
87
61
69
72
84
62
61
56
77
58
60
57
61
58
58
71
56
68
55
52
50
47
76
66
64
68
34
0
0
0
0
0
0
0
0
0
0
0
0
0
0
0
0
0
0
0
0
0
0
0
0
0
0
0
0
0
0
0
0
0
0
0
0
0
0
0
0
0
0
0
0
0
0
0
0
0
0
0
0
0
0
0
0
0
0
0
0
0
0
0
0
0
0
0
0
0
0
0
0
0
0
0
0
0
0
0
0
0
0
0
0
0
0
0
0
0
0
0
0
0
0
0
0
0
0
0
0
0
0
0
0
0
0
0
0
0
0
0
0
0
0
0
0
0
0
0
0
0
0
0
0
0
0
0
0
0
0
0
0
0
0
0
0
0
0
0
0
0
0
0
0
0
0
0
0
0
0
0
0
0
0
0
0
0
0
0
0
0
0
0
0
0
0
0
0
0
0
0
0
0
0
0
0
0
0
0
0
0
0
0
0
0
0
0
0
0
0
0
0
0
0
0
0
0
0
0
0
0
0
0
0
0
0
0
0
0
0
0
0
0
0
0
0
0
0
0
0
0
0
0
0
0
0
0
0
0
0
0
0
0
0
0
0
0
0
0
0
0
0
0
0
0
0
0
0
0
0
0
0
0
0
0
0
0
0
0
0
0
0
0
0
0
0
0
0
0
0
0
0
0
0
0
0
0
0
0
0
0
0
0
30
31
44
32
46
34
42
43
42
45
35
36
34
27
34
27
28
35
32
32
28
30
27
28
34
40
45
39
58
45
47
56
47
48
40
32
40
55
39
43
49
51
40
43
53
56
41
43
47
44
41
52
28
0
0
0
0
0
0
0
0
0
0
0
0
0
0
0
0
0
0
0
0
0
0
0
0
0
0
0
0
0
0
0
0
0
0
0
0
0
0
0
0
0
0
0
0
0
0
0
0
0
0
0
0
0
0
0
0
0
0
0
0
0
0
0
0
0
0
0
0
0
0
0
0
0
0
0
0
0
0
0
0
0
0
0
0
0
0
0
0
0
0
0
0
0
0
0
0
0
0
19
7
13
10
9
6
11
7
5
11
7
5
9
7
10
4
6
2
5
7
3
7
3
4
2
6
3
4
0
0
0
1
4
1
3
2
1
3
0
1
5
7
1
2
2
2
1
1
0
5
2
0
1
1
0
0
6
3
0
1
3
1
0
1
0
0
2
5
5
3
6
3
4
3
9
5
6
8
13
13
10
13
14
16
20
17
30
19
17
35
31
48
36
51
60
81
68
94
95
108
87
103
110
85
104
83
67
65
70
77
56
55
48
63
47
54
43
38
40
50
45
43
42
40
47
45
38
40
43
39
44
45
37
39
48
30
47
58
47
43
44
40
39
34
12
0
0
0
0
0
0
0
0
0
0
0
0
0
0
0
0
0
0
0
0
0
0
0
0
0
0
0
0
0
0
0
0
0
0
0
0
0
0
0
0
0
0
0
0
0
0
0
0
0
0
0
0
0
0
0
0
0
0
0
0
0
0
0
0
0
0
0
0
0
0
0
0
0
0
0
0
0
0
0
0
0
0
0
0
0
0
0
0
0
0
0
0
0
0
0
0
0
0
0
0
0
0
0
0
0
0
0
0
0
0
0
0
0
0
0
0
0
0
0
0
0
0
0
0
0
0
0
0
0
0
0
0
0
0
0
0
0
0
0
0
0
0
0
27
29
36
22
19
24
22
19
20
21
11
17
8
15
15
18
11
13
12
11
13
4
8
5
1
7
4
15
10
12
9
7
3
7
4
9
8
6
8
2
1
9
7
5
2
6
3
2
5
3
2
7
4
2
2
5
2
2
8
2
0
7
5
5
4
6
8
5
10
7
5
8
3
5
8
10
14
18
15
24
25
25
22
26
29
35
33
22
36
38
64
51
58
76
110
87
120
107
107
135
139
129
134
117
114
99
97
73
100
85
83
76
84
64
65
74
79
83
86
78
75
72
77
67
82
62
63
58
60
73
59
56
62
56
56
59
50
57
56
52
29
0
0
0
0
0
0
0
0
0
0
0
0
0
0
0
0
0
0
0
0
0
0
0
0
0
0
0
0
0
0
0
0
0
0
0
0
0
0
0
0
0
0
0
0
0
0
0
0
0
0
0
0
0
0
0
0
0
0
0
0
0
0
0
0
0
0
0
0
0
0
0
0
0
0
0
0
0
0
0
0
0
0
0
0
0
0
0
0
0
0
0
0
0
0
0
0
0
0
0
0
0
0
0
0
0
0
0
0
0
0
0
0
0
0
0
0
0
0
0
0
0
0
0
0
0
0
0
0
0
0
0
0
0
0
0
0
0
0
0
0
0
0
0
0
0
0
0
28
26
21
17
20
22
19
13
18
9
15
14
16
4
17
18
9
10
13
9
9
8
6
5
2
9
7
7
5
10
9
7
12
10
5
4
5
6
7
3
5
2
4
5
7
1
4
1
6
6
2
1
5
4
3
4
4
3
5
7
3
4
1
3
3
8
2
7
8
5
8
7
13
13
8
9
15
17
20
15
24
21
17
21
27
28
31
33
42
34
24
51
61
69
89
106
100
135
116
151
130
118
125
125
110
95
118
77
85
94
93
76
66
77
87
106
79
66
67
80
80
65
69
74
59
82
63
73
73
80
76
68
70
89
45
76
76
57
70
67
71
60
80
61
70
65
60
53
49
39
64
24
0
0
0
0
0
0
0
0
0
0
0
0
0
0
0
0
0
0
0
0
0
0
0
0
0
0
0
0
0
0
0
0
0
0
0
0
0
0
0
0
0
0
0
0
0
0
0
0
0
0
0
0
0
0
0
0
0
0
0
0
0
0
0
0
0
0
0
0
0
0
0
0
0
0
0
0
0
0
0
0
0
0
0
0
0
0
0
0
0
0
0
0
0
0
0
0
0
0
0
0
0
0
0
0
0
0
0
0
0
0
0
0
0
0
0
0
0
0
0
0
0
0
0
0
0
0
0
0
0
0
0
0
0
0
0
0
31
24
20
26
23
25
19
13
19
18
14
17
18
16
16
8
8
9
9
16
6
6
8
8
1
12
7
7
6
5
8
4
10
6
11
5
3
4
9
4
6
3
6
7
1
3
5
4
2
5
6
2
3
3
7
3
4
3
3
2
4
7
7
1
2
4
5
4
6
7
8
2
7
9
8
12
14
15
8
21
15
32
22
27
28
34
40
25
23
39
59
61
63
46
93
92
124
123
128
123
122
152
109
137
111
87
110
87
87
63
81
84
65
87
63
69
67
66
55
68
54
82
57
65
52
42
55
64
64
61
57
75
60
54
53
70
57
69
44
0
0
0
0
0
0
0
0
0
0
0
0
0
0
0
0
0
0
0
0
0
0
0
0
0
0
0
0
0
0
0
0
0
0
0
0
0
0
0
0
0
0
0
0
0
0
0
0
0
0
0
0
0
0
0
0
0
0
0
0
0
0
0
0
0
0
0
0
0
0
0
0
0
0
0
0
0
0
0
0
0
0
0
0
0
0
0
0
0
0
0
0
0
0
0
0
0
0
0
0
0
0
0
0
0
0
0
0
0
0
0
0
0
0
0
0
0
0
0
0
0
0
0
0
0
0
0
0
0
0
0
0
0
0
0
0
0
0
0
0
0
0
0
0
0
0
0
0
0
24
30
26
30
23
22
32
22
17
28
22
16
15
20
16
14
17
13
14
13
11
17
3
13
3
15
5
9
12
10
5
5
14
7
6
10
6
6
5
7
8
5
3
6
5
5
5
7
10
3
8
4
3
4
5
6
7
2
2
1
7
2
5
4
9
4
4
5
5
3
5
6
10
5
10
9
11
14
16
11
14
8
27
17
30
33
25
21
25
29
49
73
64
88
93
104
104
115
121
139
135
132
136
121
91
102
103
101
94
84
63
77
76
61
46
76
57
63
52
62
57
55
66
76
53
64
69
64
54
56
74
50
81
71
46
61
74
69
55
64
66
70
69
85
76
98
62
54
53
53
49
36
59
48
43
53
49
60
49
42
50
59
62
47
71
60
65
79
72
47
72
29
0
0
0
0
0
0
0
0
0
0
0
0
0
0
0
0
0
0
0
0
0
0
0
0
0
0
0
0
0
0
0
0
0
0
0
0
0
0
0
0
0
0
0
0
0
0
0
0
0
0
0
0
0
0
0
0
0
0
0
0
0
0
0
0
0
0
0
0
0
0
0
0
0
0
0
0
0
0
0
0
0
0
0
0
0
0
0
0
0
0
0
0
0
0
0
0
0
0
0
0
0
0
0
0
0
0
0
0
0
0
0
0
0
0
0
0
29
32
38
18
28
22
32
20
22
17
19
17
26
16
19
20
15
10
32
14
15
17
13
8
7
13
15
13
10
11
14
8
12
4
14
8
5
6
5
12
9
9
12
8
8
10
8
3
5
6
10
5
6
4
5
6
6
7
10
4
1
6
2
3
7
10
3
3
7
2
3
9
9
6
9
10
10
12
11
16
15
11
15
17
22
16
13
23
11
19
31
23
19
20
26
34
21
28
18
28
31
32
27
36
29
38
28
34
41
33
43
48
36
35
38
35
41
49
40
41
32
55
32
44
37
41
54
43
35
45
47
33
17
48
45
40
52
56
55
30
50
32
37
51
42
35
48
43
29
47
56
31
42
43
28
47
51
31
39
32
26
33
57
42
37
58
49
51
46
56
41
43
56
37
41
44
51
40
59
56
40
43
37
39
37
55
50
44
43
38
44
38
39
39
37
42
49
47
27
37
59
53
39
56
45
51
68
67
44
45
40
51
69
66
38
65
67
34
66
60
42
69
66
31
66
45
55
63
64
61
61
50
57
47
51
48
58
36
52
58
57
40
39
46
58
43
61
48
43
55
60
47
43
29
52
44
53
41
36
48
52
39
38
38
61
43
52
38
31
37
49
44
33
25
49
40
41
29
27
52
30
33
37
29
38
28
38
28
27
25
34
25
22
21
22
26
23
13
20
15
13
19
11
12
10
12
12
14
13
13
6
15
4
3
10
13
8
11
4
12
4
8
8
5
7
10
6
4
4
6
5
5
5
4
3
7
7
1
6
4
5
4
4
3
1
6
6
5
6
10
0
2
1
8
6
4
8
11
9
8
7
8
12
13
9
23
19
18
31
24
20
28
24
38
31
34
48
55
56
54
60
71
80
97
100
116
105
122
122
126
134
96
115
98
90
63
83
82
85
64
85
72
66
58
68
63
50
82
65
58
86
65
78
68
61
71
59
58
56
56
60
51
66
67
61
64
57
61
58
58
64
51
80
60
79
60
68
46
38
45
63
48
53
54
67
40
44
42
41
63
47
65
49
75
63
69
56
61
48
69
55
49
51
55
65
52
44
57
57
60
59
63
55
59
60
53
64
69
66
77
63
60
57
48
69
69
60
51
63
69
71
69
63
51
65
73
67
64
90
81
94
106
108
97
100
121
135
99
97
96
90
79
89
109
88
83
75
79
63
68
72
59
73
100
77
72
64
66
68
68
66
64
72
73
59
66
71
68
86
80
81
69
88
77
85
81
55
51
64
47
63
46
53
74
49
68
51
47
44
39
47
43
57
44
41
51
54
37
33
46
43
33
32
32
25
28
27
16
26
23
17
20
20
23
15
15
15
15
16
9
11
14
4
11
13
15
11
7
7
10
1
7
6
12
2
5
5
11
8
8
14
10
5
5
9
5
8
4
1
7
6
2
7
6
3
4
4
4
5
5
2
4
3
1
1
6
4
3
3
2
5
2
7
7
4
7
8
7
6
5
6
9
18
12
18
18
29
19
22
13
23
18
27
30
37
41
40
63
66
67
70
95
107
126
134
128
111
129
144
109
90
89
102
71
72
78
73
64
67
68
59
80
60
76
66
91
54
74
72
66
78
59
55
67
64
62
68
72
55
57
73
63
74
67
61
61
66
55
61
68
67
51
70
101
54
62
74
39
54
54
49
34
49
38
88
47
50
57
52
54
71
64
76
66
66
54
65
83
84
89
88
79
87
68
62
76
72
48
58
62
60
63
68
62
78
84
68
64
57
62
54
64
72
76
60
63
74
57
58
66
55
65
85
78
65
66
62
88
93
104
102
101
84
99
112
101
97
100
102
92
96
100
90
79
116
83
86
72
68
63
60
64
83
65
71
80
69
72
68
64
65
72
66
65
67
75
80
90
90
88
74
96
75
89
74
71
59
71
51
54
78
83
42
71
61
55
44
30
44
43
43
43
54
62
51
48
45
31
36
30
34
27
17
31
13
16
19
11
10
9
19
11
11
8
7
11
9
8
6
10
9
3
5
9
5
3
6
2
3
6
3
1
1
3
4
2
3
2
2
2
1
3
3
3
2
0
1
2
1
1
1
1
3
3
0
2
0
1
0
2
2
1
1
1
0
0
0
2
0
3
3
4
3
2
5
5
3
5
4
3
6
6
11
10
8
14
12
13
14
18
27
26
17
27
29
39
34
47
55
69
73
89
116
77
113
94
102
81
72
63
64
47
52
63
62
50
44
50
47
43
45
43
38
62
50
39
46
50
38
38
42
42
58
36
38
41
44
49
41
25
39
34
34
37
47
37
49
42
45
45
43
33
32
38
42
48
30
39
32
38
29
32
21
37
36
35
44
32
42
41
55
46
45
54
45
47
43
46
38
41
45
45
46
34
45
42
43
35
34
34
40
38
28
33
45
40
37
38
38
41
46
44
41
49
42
38
44
51
41
54
36
37
46
49
48
65
90
75
86
84
79
78
76
74
74
69
77
73
76
64
53
57
56
42
49
48
32
50
38
50
33
38
49
43
46
42
38
43
40
40
48
45
58
73
63
51
38
54
43
59
48
42
30
43
37
31
48
31
36
45
43
32
30
41
29
36
16
21
20
26
25
37
40
24
35
24
24
18
18
12
23
14
20
10
10
14
23
12
11
10
11
9
15
11
9
8
11
6
8
5
5
7
4
7
4
5
0
3
3
1
4
5
1
2
2
7
0
4
0
5
4
4
1
0
2
0
1
3
1
2
2
1
0
1
1
2
4
0
2
2
1
2
1
0
2
3
2
0
1
2
3
1
3
7
5
2
2
6
3
8
12
13
11
5
12
11
14
18
15
21
25
22
28
36
46
62
64
74
63
87
111
86
92
98
100
96
104
62
56
60
68
43
50
52
41
50
44
62
42
51
55
49
50
49
43
37
47
28
28
52
35
40
41
41
60
36
40
43
43
36
46
51
47
33
39
41
51
41
39
25
50
30
52
34
32
30
26
29
29
28
38
42
34
29
30
47
36
33
56
65
62
43
48
41
44
39
32
52
37
51
43
39
30
49
39
36
29
45
43
50
50
42
42
33
47
40
41
24
76
29
55
61
56
54
44
48
43
59
41
52
48
52
43
79
75
90
80
84
82
75
87
79
77
54
65
61
56
65
60
59
59
43
34
47
45
36
49
39
50
65
50
45
36
53
52
47
48
36
39
44
61
53
65
58
65
44
60
50
47
34
42
40
44
44
44
47
31
43
34
40
43
32
37
20
18
30
26
26
32
42
19
34
26
34
18
18
31
19
14
20
11
21
9
12
11
10
9
13
6
5
7
9
6
7
6
7
7
8
5
6
7
8
4
6
3
6
5
3
1
2
5
1
5
2
5
3
3
1
1
3
1
2
0
2
1
2
1
1
0
3
0
1
1
1
2
0
0
2
0
1
1
1
0
0
3
2
4
4
2
2
4
3
9
6
5
12
2
4
8
8
12
8
14
11
13
23
19
25
20
27
35
32
33
49
57
71
83
80
87
113
97
119
94
90
85
57
65
50
56
57
59
44
48
38
42
41
55
48
50
33
45
48
43
44
40
44
36
31
45
36
34
43
41
46
36
49
37
45
34
42
47
53
48
60
58
45
42
50
46
29
26
36
37
30
32
34
29
30
33
27
33
43
29
49
39
55
51
62
51
37
39
50
36
53
48
49
46
56
44
39
28
41
46
50
35
46
46
42
28
37
41
46
42
38
50
39
53
50
41
45
36
44
58
60
37
54
58
58
44
46
68
73
89
80
85
76
84
91
57
55
77
75
61
56
64
60
59
60
60
43
57
64
53
50
57
65
53
55
73
59
63
60
52
33
43
36
48
40
41
36
45
30
32
39
42
36
37
36
40
31
32
23
25
28
37
31
26
29
40
23
30
28
20
26
23
15
21
32
28
24
28
23
26
24
14
17
18
17
14
12
12
18
12
9
8
11
10
9
6
6
8
9
12
9
10
4
3
4
4
8
6
5
0
7
5
5
2
7
3
3
4
2
5
5
5
3
1
4
3
3
2
7
1
0
2
3
1
1
2
0
2
3
3
2
0
1
1
2
3
1
2
1
1
3
1
4
3
0
2
3
4
2
5
9
8
5
2
6
6
14
7
9
9
13
5
14
14
13
17
13
15
21
20
31
24
21
27
28
40
26
38
25
29
31
39
45
40
42
40
32
26
37
23
30
35
43
40
33
36
35
36
30
28
39
25
26
38
16
38
27
31
33
23
23
21
26
40
39
26
36
24
34
32
23
33
26
29
18
31
24
23
28
24
22
29
31
38
38
20
25
32
29
31
36
29
22
37
31
21
29
35
33
23
31
30
27
19
32
34
22
26
27
21
40
31
33
28
28
24
42
23
29
31
30
26
27
39
21
30
32
28
40
28
36
33
36
31
38
35
38
43
47
28
37
43
44
17
50
40
30
43
56
30
44
37
31
38
30
34
55
32
31
44
48
27
40
40
36
26
37
26
33
37
30
44
26
27
25
34
28
23
19
24
32
32
24
32
27
18
22
23
30
37
24
28
25
28
18
32
24
19
22
14
24
20
24
19
20
19
18
14
16
19
17
19
20
8
20
11
15
15
11
10
10
12
16
11
10
11
7
8
7
10
9
7
8
7
6
4
6
2
1
4
6
8
3
4
2
2
3
1
2
4
4
4
3
1
1
1
3
2
3
5
0
1
1
1
2
1
1
1
3
1
1
0
2
0
5
2
2
3
0
0
1
3
2
2
7
1
4
4
2
6
7
5
5
4
6
8
8
8
6
11
12
10
9
13
11
11
16
12
15
22
8
12
14
14
12
19
23
10
21
27
25
25
21
23
25
28
17
19
30
27
18
11
31
30
18
21
26
30
22
30
23
36
19
24
30
21
20
29
21
34
23
23
22
21
29
24
20
20
23
31
23
17
17
24
32
20
17
28
21
24
26
26
17
24
21
16
31
32
19
33
28
21
24
23
18
25
29
29
24
30
26
20
23
26
26
27
33
33
34
23
36
31
27
30
30
22
17
28
34
33
29
29
31
23
37
33
14
23
34
29
31
23
32
40
32
34
27
36
33
34
35
31
21
24
29
33
29
33
26
32
25
34
27
27
37
28
32
21
27
34
31
28
31
20
32
20
30
21
32
22
30
22
26
23
17
22
21
26
23
22
24
27
16
39
23
24
27
19
19
62
18
25
24
22
22
24
14
18
24
19
23
21
18
10
20
16
13
19
9
19
20
11
16
15
10
12
12
11
13
4
12
11
7
2
11
10
9
10
8
6
6
7
5
5
3
1
7
6
4
4
5
1
4
2
3
8
3
8
3
0
4
1
2
1
2
1
1
2
2
3
3
2
3
4
1
2
0
2
0
2
2
2
0
4
0
2
1
3
3
1
2
4
5
5
2
6
9
5
10
7
14
14
14
16
16
15
16
28
15
25
23
31
46
34
34
52
79
82
76
84
119
107
105
90
87
64
66
61
66
54
56
35
59
40
50
39
42
48
48
50
33
38
35
42
35
37
39
33
55
32
33
37
38
37
40
32
42
37
35
35
41
39
36
39
47
50
45
41
36
36
37
37
23
33
27
34
45
24
26
26
34
38
30
39
47
32
52
47
36
40
38
54
50
36
0
0
0
0
0
0
0
11
45
28
31
52
40
37
41
29
43
54
49
32
35
31
43
44
51
52
36
49
36
42
47
47
36
53
54
50
44
53
50
78
72
71
77
69
67
74
77
63
82
77
76
51
64
64
53
43
52
41
55
37
55
49
52
53
42
51
58
28
41
48
39
43
48
35
35
49
70
47
70
48
56
52
56
45
59
46
46
40
42
42
43
55
59
31
32
31
47
34
36
36
31
21
30
31
31
38
30
33
21
32
34
13
25
26
13
15
12
20
11
10
12
12
17
7
8
6
7
11
3
6
8
3
3
3
6
2
6
3
5
0
3
4
1
6
3
1
2
2
1
2
3
1
1
2
3
1
1
3
2
1
2
1
3
1
2
1
0
4
2
1
1
1
3
0
0
2
2
2
4
2
1
2
1
1
2
4
4
4
5
3
8
5
11
9
11
18
9
19
9
17
20
22
12
27
22
37
28
36
28
58
74
67
88
99
97
112
85
106
85
97
58
47
50
63
49
58
35
51
54
62
54
40
46
29
41
48
58
39
40
41
33
38
47
35
43
39
37
33
38
63
29
38
35
32
40
29
45
45
41
62
27
36
37
33
35
32
40
35
33
34
23
30
30
30
29
25
33
47
27
32
43
49
45
48
46
45
51
39
51
44
42
43
35
46
46
52
39
50
38
37
41
44
51
48
40
43
41
57
54
48
43
43
50
52
34
42
41
39
47
55
35
43
34
35
60
60
53
69
69
72
73
62
80
75
88
72
62
71
76
70
77
62
76
53
57
40
45
47
39
48
50
44
43
55
49
36
58
54
30
46
37
25
35
50
49
54
52
61
37
50
52
50
57
40
41
31
51
39
45
38
49
37
39
23
29
27
31
28
21
39
34
27
42
29
34
25
18
32
24
24
22
18
19
19
19
12
13
13
14
11
6
15
7
8
10
8
7
5
6
5
6
7
7
3
4
10
4
2
5
0
2
6
3
2
3
3
1
1
1
2
1
5
3
2
2
1
3
0
1
4
3
1
3
4
0
1
0
4
2
0
2
0
1
1
2
1
1
1
0
5
4
5
4
1
2
4
3
8
3
5
10
15
7
9
14
10
11
15
19
14
19
25
24
38
34
33
42
57
61
79
106
91
101
105
103
99
75
70
86
47
56
53
47
44
55
43
42
42
52
43
51
42
49
41
54
48
53
40
43
40
46
39
34
20
7
75
64
62
66
72
52
68
68
61
50
54
66
55
67
70
58
60
46
60
49
65
50
65
44
48
79
58
40
67
61
74
75
90
70
85
119
76
70
87
90
85
62
79
67
74
64
57
78
69
72
57
73
76
77
74
60
57
83
63
74
60
85
80
71
73
87
70
81
74
74
58
78
75
79
95
78
74
77
99
89
104
96
104
134
121
124
132
125
141
123
99
131
130
118
106
109
67
60
56
55
51
53
57
47
52
49
43
44
39
53
46
47
44
43
39
40
50
57
61
56
60
46
49
45
61
51
46
44
49
48
25
39
37
55
29
21
43
31
43
32
25
30
32
31
30
35
28
28
35
36
27
25
23
19
16
21
17
16
15
12
13
13
12
7
3
8
9
11
8
7
5
5
9
5
7
4
9
7
3
6
0
4
5
5
0
1
6
0
2
3
3
1
2
0
4
4
3
4
3
0
1
1
1
0
1
2
2
1
0
1
2
1
1
1
0
1
1
2
4
2
1
1
1
4
4
8
8
2
10
6
11
17
14
13
18
21
20
32
27
34
20
26
40
49
37
50
47
54
79
71
84
96
105
128
141
135
162
144
152
150
110
118
86
82
79
80
95
96
71
89
72
75
87
80
88
63
60
88
63
55
81
66
76
68
68
58
72
61
63
80
97
72
69
67
80
58
70
78
65
75
76
87
65
65
57
50
62
47
51
72
37
47
52
45
64
70
59
61
75
48
52
65
80
85
72
66
69
57
64
76
95
82
68
68
71
73
84
76
63
86
66
78
80
84
94
69
16
75
60
87
63
106
88
90
91
93
70
81
82
88
61
65
90
97
83
95
102
111
120
132
120
128
135
153
142
108
139
138
144
125
129
144
159
96
53
67
54
58
46
54
62
65
44
71
45
41
44
47
43
41
55
45
40
56
50
61
71
46
67
43
55
52
40
67
37
52
45
33
41
50
50
50
47
28
32
22
25
23
25
32
35
27
39
34
44
35
24
41
22
15
23
28
19
16
25
21
13
23
12
23
9
11
6
13
12
6
6
7
8
6
11
0
5
8
8
7
3
2
2
8
1
6
2
6
5
6
3
7
1
1
4
2
4
1
1
1
2
1
1
1
0
1
1
1
1
1
1
1
1
1
2
3
2
0
3
0
1
1
0
1
1
3
0
0
2
4
3
3
3
5
4
5
23
9
28
29
27
25
28
31
38
33
42
37
49
47
72
70
53
82
111
119
151
114
157
152
167
114
145
130
106
101
105
87
77
64
72
77
72
87
107
71
65
87
93
125
115
131
122
103
127
111
108
125
97
126
124
122
122
102
137
118
108
102
126
103
135
121
123
107
110
99
93
95
93
91
110
112
89
85
96
79
107
110
93
106
104
107
125
116
124
113
119
107
107
115
119
138
114
122
115
123
109
129
109
124
106
115
97
110
129
126
117
116
108
130
99
114
145
138
128
146
139
106
136
112
122
138
123
100
103
137
168
162
191
148
226
195
206
227
202
136
123
130
126
113
118
121
96
83
103
87
79
85
80
67
72
78
93
90
77
85
93
74
123
108
120
102
104
108
95
104
94
129
136
109
97
95
96
106
100
78
99
67
51
51
61
63
74
67
71
43
46
60
66
52
54
56
44
46
52
43
40
37
29
41
60
34
25
44
30
40
27
32
33
28
26
21
20
30
20
27
26
26
18
18
16
13
16
13
12
24
6
15
12
12
14
24
15
13
14
10
1
12
5
5
6
9
7
8
13
5
8
6
7
7
7
3
9
7
3
6
4
12
8
7
6
4
3
9
7
3
7
7
3
5
3
6
9
6
10
8
8
3
6
9
19
10
16
22
13
21
25
38
48
35
33
39
63
48
39
51
57
61
65
74
77
67
90
75
75
67
86
89
84
81
88
93
75
90
121
95
93
89
83
88
90
115
116
115
107
105
89
97
105
109
113
93
87
115
80
102
108
93
85
93
81
97
81
0
0
76
91
69
84
90
88
84
105
78
82
81
85
88
104
79
89
83
71
96
99
86
94
95
123
87
85
104
109
103
97
107
103
102
124
88
113
124
80
94
105
134
75
88
0
0
0
0
0
0
0
28
115
111
112
123
101
103
117
138
78
95
101
75
113
99
105
121
118
108
73
131
94
101
150
121
110
146
137
117
131
135
135
123
129
109
64
74
76
60
68
50
49
70
62
57
54
63
54
59
65
46
45
65
40
51
67
55
27
61
63
46
42
37
45
58
54
32
48
40
51
50
40
46
55
44
40
55
35
42
56
43
35
41
41
39
39
34
41
41
26
46
30
26
22
34
36
27
26
30
34
28
24
23
19
19
22
25
20
23
20
23
23
30
21
17
11
15
15
12
12
11
11
10
4
10
12
12
6
12
11
11
6
0
11
5
12
4
5
9
5
7
1
10
3
1
4
5
7
8
4
1
2
2
3
7
5
3
4
7
7
7
4
3
5
6
6
5
7
9
9
6
6
8
9
16
15
21
17
27
34
15
23
26
26
35
32
29
38
43
38
28
40
33
36
39
39
47
42
51
40
49
48
64
48
79
59
68
46
63
67
61
60
72
51
67
79
73
79
72
85
86
80
70
85
84
81
67
83
58
96
105
64
103
97
68
72
94
79
69
106
66
71
95
72
61
101
92
78
74
78
66
82
67
59
75
87
75
99
68
67
62
101
94
68
89
86
105
87
82
95
90
88
94
76
97
106
71
80
83
91
77
95
84
99
78
97
105
101
69
96
100
72
100
104
79
92
86
100
69
102
90
84
98
94
81
100
95
84
107
125
76
98
88
115
72
103
71
72
110
94
79
109
81
92
56
37
65
52
41
46
55
33
39
30
67
45
42
47
52
53
58
49
43
48
51
47
44
50
53
61
51
41
53
43
55
46
42
48
64
59
48
38
49
57
45
44
35
44
48
36
26
44
38
36
44
36
36
32
31
26
46
31
33
38
30
27
20
28
13
24
14
13
10
14
20
16
15
10
18
15
15
17
10
15
12
11
15
10
9
5
14
0
7
4
10
2
9
6
11
9
8
8
9
6
9
4
3
4
2
12
3
5
5
5
2
5
7
4
4
4
5
3
8
6
9
1
4
7
2
5
5
2
9
6
8
6
12
11
13
11
24
20
28
22
34
40
65
45
46
54
59
43
57
61
53
89
92
102
160
124
130
155
185
196
236
237
247
205
274
220
218
204
177
127
172
175
134
131
144
109
113
127
134
122
124
135
130
158
134
112
119
120
103
115
117
109
101
119
110
101
114
114
96
107
113
96
109
102
118
102
132
104
122
98
93
113
91
102
80
97
80
90
101
84
87
94
109
100
91
123
123
113
153
145
151
179
179
151
150
130
171
161
173
187
168
153
157
139
124
126
130
131
112
101
107
154
107
116
120
120
122
116
134
101
123
111
126
142
137
98
118
124
124
111
125
128
151
127
146
132
150
171
159
161
156
164
161
190
140
163
155
171
134
106
67
97
81
53
55
48
57
65
79
53
59
64
60
48
71
59
54
61
66
53
72
54
75
75
56
79
70
55
74
53
49
59
42
63
56
66
54
59
52
58
35
63
40
39
42
42
42
49
39
32
38
33
40
40
18
31
30
27
21
28
24
25
21
22
23
21
24
23
14
16
16
11
11
7
8
9
9
8
7
11
12
6
9
6
1
2
7
12
11
6
12
7
5
7
6
9
4
5
11
5
7
5
5
4
4
9
3
4
4
8
15
5
5
6
6
2
6
2
4
1
4
1
3
3
3
2
7
9
15
4
5
2
14
3
10
12
11
22
29
27
39
39
45
48
45
35
43
60
57
75
85
81
131
91
178
168
172
181
213
217
262
203
286
230
259
203
170
169
177
130
140
142
139
132
121
133
115
131
147
129
141
134
145
138
103
118
115
129
126
118
118
109
94
110
124
117
92
147
120
108
106
132
103
121
136
114
93
84
105
124
87
100
90
77
80
98
83
85
98
88
96
90
103
108
124
135
125
126
159
136
129
131
148
128
124
118
127
117
115
127
139
113
111
132
139
98
110
133
119
100
115
137
124
119
125
126
134
128
122
153
136
133
155
130
135
135
182
165
140
135
152
160
164
187
162
168
198
182
186
175
160
185
173
134
80
76
88
84
67
66
84
63
68
68
59
75
82
70
70
54
73
69
61
78
68
51
71
59
62
73
80
55
75
75
78
58
67
65
62
63
54
53
55
42
48
61
64
46
51
38
44
39
51
37
49
32
33
41
34
35
35
32
18
32
24
31
34
26
14
20
17
20
13
15
17
17
11
16
14
22
18
14
17
16
13
11
6
12
9
10
6
5
6
1
8
1
9
3
6
7
5
5
7
7
7
2
2
4
4
6
4
6
3
0
3
4
1
4
2
7
2
6
5
5
3
1
6
1
3
5
2
4
2
3
3
6
10
4
5
6
7
5
12
15
21
24
13
29
34
35
37
44
48
47
33
57
55
71
83
90
122
122
137
150
178
217
204
231
226
252
206
253
227
227
200
170
161
204
180
154
171
134
109
161
140
143
133
133
113
99
129
104
121
119
102
115
116
100
122
105
99
101
106
116
91
116
106
116
113
131
118
126
104
108
108
108
118
111
110
74
96
86
77
81
77
90
90
96
107
93
105
123
105
110
125
161
128
122
134
120
128
134
131
113
123
120
137
48
118
100
100
138
121
101
110
128
136
136
133
115
137
129
123
115
111
140
139
113
152
132
138
132
124
122
131
149
117
126
136
143
141
139
165
194
143
152
200
169
177
167
193
177
166
165
130
114
109
104
92
93
66
86
69
69
93
84
92
104
80
65
85
76
70
75
67
84
77
73
111
94
105
89
59
87
66
78
60
66
56
41
56
48
54
51
79
51
85
67
58
58
51
64
56
36
43
36
50
37
48
30
32
46
43
33
26
17
28
23
14
29
16
25
19
17
13
15
8
14
16
14
15
16
17
14
21
8
9
9
15
7
10
0
9
5
11
3
6
16
6
10
7
3
2
3
4
6
4
2
6
3
7
3
5
8
9
2
5
3
3
0
4
5
5
8
5
3
6
8
10
5
3
7
5
7
6
7
9
2
10
6
9
22
19
31
24
36
40
48
49
46
33
32
46
58
49
76
86
76
124
89
144
134
193
216
208
199
280
230
255
232
230
233
209
191
158
169
153
150
148
118
154
127
155
156
126
148
112
151
153
139
139
130
147
131
113
145
9
0
0
0
0
0
0
0
0
0
0
0
61
96
142
123
122
106
99
106
82
94
99
94
71
93
81
95
118
70
107
81
118
100
109
118
108
141
159
132
112
148
121
134
139
157
131
106
127
120
135
111
114
129
101
122
146
117
113
143
109
133
126
136
127
108
109
127
125
102
120
125
112
133
125
146
137
113
123
137
165
113
124
146
146
191
134
149
177
181
187
177
170
166
140
125
111
108
101
108
108
83
90
79
78
74
95
85
81
86
87
75
82
93
63
80
92
56
82
94
101
99
98
79
100
65
91
83
75
59
75
54
82
76
59
69
71
49
43
73
60
64
40
45
53
46
44
46
52
58
45
58
50
45
36
41
34
32
36
40
22
28
18
22
20
13
25
20
23
19
18
18
18
20
12
10
19
17
10
12
8
11
14
2
8
8
13
14
9
12
9
5
3
8
4
4
11
3
7
4
2
2
3
6
4
7
7
1
9
8
3
7
4
4
2
6
5
2
6
5
3
10
3
2
4
2
7
1
9
10
13
12
4
15
15
24
23
31
35
37
44
51
44
38
45
59
55
69
75
85
121
123
150
130
206
196
212
257
242
214
269
213
225
200
185
204
171
151
166
131
130
153
131
112
110
137
151
123
123
124
140
151
125
122
114
141
136
115
114
108
127
139
101
127
121
130
118
108
113
99
82
120
112
102
135
119
104
106
75
101
107
107
88
111
92
94
95
111
109
110
109
100
113
125
125
121
143
175
138
147
145
128
131
131
130
122
134
126
163
120
118
121
111
108
122
132
123
113
134
126
126
122
106
112
133
124
113
146
130
138
146
121
133
129
125
166
163
168
149
142
186
201
187
204
238
188
201
162
176
171
152
153
154
136
112
123
105
108
107
79
75
84
93
91
121
88
86
97
89
84
78
101
77
95
65
70
79
73
72
76
97
79
76
78
72
60
61
68
73
52
55
71
45
53
61
59
53
52
56
58
59
70
56
54
52
60
52
43
49
54
54
45
65
48
46
45
44
29
38
32
41
32
27
33
33
29
30
34
23
27
20
21
17
20
9
11
14
23
9
23
10
0
13
17
10
10
13
5
5
9
0
0
0
0
0
0
0
0
0
0
0
0
0
0
0
0
0
0
0
0
0
0
0
0
0
0
0
0
0
0
0
0
0
0
0
0
0
0
0
5
11
7
6
12
17
21
18
39
29
25
33
34
36
35
64
43
56
66
56
78
74
71
70
81
60
100
87
76
88
87
119
98
103
120
105
138
97
125
111
134
102
121
114
79
125
82
108
107
138
101
128
112
119
64
124
99
98
102
115
87
108
103
109
119
118
88
100
106
94
87
74
85
93
76
92
101
78
92
94
86
74
104
83
91
96
82
101
105
85
108
143
101
126
114
112
101
133
116
81
121
109
89
107
112
110
104
118
133
91
88
97
103
69
88
122
95
81
118
90
117
114
85
111
98
110
119
130
66
94
119
121
110
101
146
114
107
127
121
121
96
129
131
106
135
98
96
140
126
111
159
129
99
77
92
74
60
75
83
73
72
57
68
94
60
71
81
66
50
70
73
59
71
54
52
84
46
37
56
60
44
58
56
38
69
51
39
57
68
45
64
49
46
70
46
46
47
55
52
52
39
43
34
43
51
44
36
33
50
35
33
38
32
32
45
29
27
23
38
30
25
24
20
23
31
19
11
15
17
15
22
21
20
13
15
13
13
14
14
13
3
20
10
12
14
10
11
15
8
8
7
10
12
5
12
9
4
2
5
5
6
2
2
6
5
5
4
3
4
7
8
10
6
2
8
5
8
4
2
5
7
6
5
5
7
6
9
4
3
11
14
19
25
19
13
13
24
20
24
23
30
30
33
32
39
27
37
39
45
47
33
58
54
45
45
44
58
53
58
77
60
69
59
61
67
81
70
78
82
66
68
72
77
87
76
95
70
80
89
79
68
108
79
100
99
91
76
112
106
112
137
131
124
177
127
132
139
148
134
142
111
91
99
60
91
73
72
85
72
56
91
89
91
71
77
68
84
80
66
83
93
83
88
103
70
98
114
77
88
103
83
84
108
87
73
98
84
82
89
90
83
118
75
96
98
86
78
111
103
78
90
105
87
96
75
90
79
74
93
74
70
96
80
83
97
88
93
97
99
94
105
93
107
103
85
126
93
82
63
74
56
51
41
64
42
45
43
74
52
68
55
55
67
52
67
38
55
62
58
34
69
44
58
54
51
48
70
63
55
74
54
51
59
70
48
47
41
43
53
57
47
55
53
49
61
45
41
49
61
50
42
34
27
38
36
32
44
38
35
35
30
29
32
40
26
23
23
14
20
20
21
12
26
24
20
17
13
11
16
24
21
40
8
9
8
12
7
8
2
8
16
18
10
6
5
7
5
10
9
6
10
9
6
13
4
5
3
3
7
6
3
9
4
5
4
5
8
5
4
3
4
3
3
3
1
7
9
2
8
1
5
9
5
7
5
9
10
18
19
31
26
32
35
43
45
60
48
50
43
49
78
58
66
106
109
162
111
161
196
174
201
230
240
216
255
218
252
229
210
203
166
124
147
124
137
139
131
144
123
130
125
126
160
107
131
113
126
137
126
111
117
108
124
108
126
136
109
113
119
96
119
96
104
126
78
117
127
100
112
122
97
111
106
98
79
102
85
70
96
101
98
116
112
104
97
123
120
124
114
131
117
133
143
149
134
117
138
128
144
121
126
131
107
125
117
124
106
117
99
33
119
117
124
123
119
142
138
128
130
122
124
164
122
108
130
105
123
132
130
145
132
132
106
116
138
125
142
146
148
174
122
172
165
175
149
145
94
94
108
75
81
89
68
81
86
93
68
82
82
85
90
77
60
77
86
66
94
82
58
67
102
88
65
101
100
93
96
85
102
97
80
91
87
61
63
53
56
65
52
92
55
68
64
63
52
45
43
55
49
61
37
66
59
45
49
58
32
50
20
25
40
25
23
15
17
17
25
17
14
20
10
13
11
8
13
8
2
14
7
8
5
4
8
11
8
5
1
7
6
4
4
5
11
0
3
4
7
9
1
4
8
3
4
6
4
5
1
3
4
1
3
2
6
4
4
3
6
1
1
4
2
7
3
3
7
7
4
6
6
3
9
6
8
8
9
12
13
15
10
13
15
12
19
29
23
27
20
31
23
33
50
41
49
90
69
79
113
137
130
142
148
178
262
185
152
173
165
118
107
109
147
107
95
99
72
70
90
86
90
85
93
71
93
71
81
79
58
70
64
70
76
59
82
76
62
76
61
68
67
71
63
57
67
69
76
63
59
71
83
57
74
53
77
40
54
46
54
77
87
70
86
92
79
67
99
118
113
119
129
116
119
141
145
102
118
116
90
111
108
117
110
120
87
124
113
118
107
100
98
111
110
104
79
104
105
107
111
91
105
99
114
101
99
101
107
127
107
123
104
119
109
123
105
116
142
124
123
151
163
139
150
164
150
149
153
137
75
67
63
56
51
54
64
45
55
55
61
69
48
65
66
50
52
50
77
63
63
65
50
61
70
66
73
81
97
76
75
66
75
73
70
63
41
51
55
57
83
62
58
67
44
53
34
33
36
45
46
36
53
37
50
48
47
37
27
35
37
26
29
35
35
26
31
22
18
22
32
27
18
10
20
12
10
13
15
13
12
8
15
9
13
5
6
8
0
12
8
7
10
5
7
5
7
7
4
8
7
9
2
5
5
5
2
7
6
3
4
2
2
7
5
12
0
5
5
2
4
5
5
5
6
4
9
7
3
7
12
3
6
8
3
12
7
11
9
24
21
31
31
36
38
43
43
38
48
42
51
69
53
84
94
105
120
165
194
188
202
217
231
239
250
208
246
234
189
153
147
173
158
146
127
123
129
127
122
141
120
139
122
103
116
121
134
146
124
130
119
137
101
107
126
112
108
127
109
117
107
121
93
110
107
108
122
120
114
109
94
109
107
93
92
77
104
104
87
78
88
82
117
87
111
111
108
100
130
129
139
127
125
140
153
131
123
131
116
121
117
135
128
123
129
130
122
137
136
100
124
113
121
114
122
112
122
117
132
138
127
125
108
136
107
119
121
132
131
122
119
132
137
155
184
204
194
208
145
135
126
113
99
110
105
111
96
64
89
48
90
104
93
111
95
96
90
103
71
83
95
95
94
88
90
120
100
74
70
105
67
85
97
109
82
88
74
84
83
92
85
76
77
90
89
72
59
63
69
65
52
61
63
54
62
46
37
45
41
37
39
50
57
40
45
49
52
46
34
21
32
28
26
29
30
32
18
26
13
22
21
19
22
11
15
20
15
12
12
14
11
1
16
11
10
13
3
9
8
13
9
4
6
8
7
8
12
20
29
5
10
12
22
16
3
5
7
5
10
11
15
14
2
7
2
5
8
5
6
1
4
10
1
8
4
2
1
12
4
9
9
7
6
8
7
9
15
14
21
16
13
36
25
21
24
29
23
30
31
50
45
53
63
91
126
90
123
156
164
187
180
202
196
193
206
197
155
145
114
133
133
121
87
90
111
106
108
123
109
77
89
109
67
96
86
104
94
89
70
100
101
78
95
67
81
88
81
63
85
68
101
87
101
78
99
88
94
77
82
78
71
93
62
82
70
63
77
65
71
71
76
62
63
69
92
85
76
104
96
106
121
101
105
129
118
112
108
117
129
117
97
92
99
89
114
114
136
114
132
142
96
119
152
105
127
116
148
108
135
125
125
120
125
109
124
131
142
136
122
109
134
130
130
137
150
170
171
119
159
170
177
160
145
171
153
147
116
105
89
96
95
87
97
91
67
82
84
104
80
81
90
74
97
82
83
64
75
114
120
102
92
111
84
103
104
106
87
92
91
95
87
73
53
50
56
66
53
60
68
54
54
44
51
51
60
40
47
42
54
65
66
43
47
57
57
32
32
41
36
31
27
21
24
19
26
17
21
12
0
0
0
0
0
15
11
9
7
9
14
15
9
7
10
8
3
5
4
11
5
8
14
7
4
8
6
8
4
5
4
3
5
3
2
6
5
2
1
1
7
5
7
3
5
1
3
5
7
3
4
6
5
6
3
7
7
4
6
7
3
5
7
6
9
10
13
18
18
23
33
30
41
38
50
50
36
50
76
48
67
76
119
132
106
152
131
1
191
220
254
217
285
224
245
178
184
216
184
152
175
159
131
153
142
113
146
121
113
135
139
108
135
125
135
114
87
144
107
127
127
91
119
128
136
102
112
108
108
104
113
122
133
84
128
114
108
119
121
110
104
86
107
91
98
71
115
94
92
86
103
103
96
123
103
102
148
127
126
135
153
113
101
139
149
131
107
118
120
126
115
97
80
93
102
88
58
96
123
101
150
149
129
144
129
135
132
86
100
128
142
150
128
142
133
152
141
175
217
134
218
198
164
195
224
187
198
185
201
205
184
184
187
181
202
146
150
136
136
119
103
119
99
133
133
84
88
149
0
116
121
116
99
106
96
128
97
114
93
105
100
111
74
112
101
86
80
93
100
89
89
84
107
87
91
86
89
67
80
66
65
72
56
53
52
80
54
52
52
51
49
53
61
74
58
47
40
50
37
49
35
38
28
24
20
29
27
25
21
20
20
20
23
15
13
25
16
17
17
8
17
12
13
7
4
16
6
6
17
13
6
9
11
8
11
11
6
6
6
9
3
8
12
5
3
5
15
5
7
3
9
7
2
4
3
7
10
6
3
13
2
10
7
6
3
4
5
12
5
6
11
10
4
11
13
15
11
28
28
32
35
44
37
29
41
55
32
55
58
98
91
129
145
147
193
198
142
256
237
245
188
249
205
302
219
175
146
206
186
169
158
115
162
135
140
145
160
137
161
135
129
123
129
135
74
158
177
168
176
155
133
122
123
139
136
120
114
114
133
141
139
131
168
166
166
121
127
121
114
82
104
93
85
84
99
88
64
86
111
97
108
128
105
102
117
146
142
163
137
149
113
133
118
133
132
144
150
126
141
168
132
110
121
130
117
108
117
92
90
117
124
106
102
93
123
108
105
99
116
88
87
82
118
129
147
118
155
136
144
146
131
131
148
124
134
155
140
164
146
150
148
132
136
108
92
75
80
107
105
105
98
93
93
76
104
139
105
97
116
108
96
83
82
100
84
76
87
87
96
118
121
84
87
70
75
79
72
71
72
53
63
70
66
73
61
80
58
48
45
62
42
54
47
55
42
40
56
36
61
30
45
41
34
33
29
21
20
30
32
39
28
34
36
28
27
31
34
24
19
36
11
22
19
17
15
14
15
10
19
17
10
12
0
8
6
11
8
18
10
9
10
11
19
6
16
12
9
12
6
3
3
10
7
4
11
7
6
8
6
7
13
7
9
5
7
3
4
3
0
6
5
5
9
4
7
5
5
11
8
14
19
36
29
25
45
25
37
43
59
57
56
62
53
65
103
74
94
108
120
149
121
161
181
181
196
191
230
258
208
248
221
218
256
201
171
163
174
161
143
129
122
145
123
130
115
136
146
138
136
109
137
143
115
122
114
115
113
95
137
98
103
100
106
128
119
98
117
112
94
116
109
120
107
120
111
82
100
88
82
86
98
90
69
107
80
82
103
104
84
87
115
105
105
143
138
135
126
128
134
101
118
123
106
103
119
121
111
127
127
130
110
128
127
136
129
131
110
115
125
136
118
130
125
106
122
138
122
132
131
109
122
148
136
120
135
118
122
137
132
133
137
125
159
169
151
138
165
197
167
147
155
135
122
140
130
106
102
89
127
144
105
118
105
134
135
121
101
132
116
89
116
125
75
67
102
67
116
83
107
87
104
81
86
96
64
102
60
57
61
80
65
64
68
58
68
58
72
64
56
62
67
48
56
58
38
57
59
48
62
67
52
39
48
33
19
28
39
32
31
23
20
18
28
25
25
19
16
22
19
20
13
8
7
11
6
16
11
5
11
13
5
4
12
16
6
7
13
11
18
12
5
8
7
8
10
3
7
5
6
7
8
8
7
4
4
6
3
3
8
8
5
6
9
4
7
6
3
2
6
9
8
10
10
7
9
8
7
22
13
20
22
21
19
34
27
45
40
53
64
49
63
41
71
99
79
106
103
119
150
130
153
160
202
208
221
207
268
203
259
206
209
196
175
166
160
165
137
134
136
144
149
125
119
142
141
147
115
141
140
119
117
99
126
122
135
128
103
106
119
102
107
89
116
129
115
120
150
83
119
128
110
103
98
110
94
95
105
79
102
95
121
68
64
94
91
81
107
109
119
118
97
123
125
133
132
146
129
126
121
106
123
149
117
132
116
141
123
107
139
132
121
118
136
118
132
133
144
113
123
126
138
130
140
114
111
151
124
137
129
131
114
124
157
146
131
148
154
132
193
166
186
203
159
180
182
186
194
184
143
152
156
168
152
124
151
132
113
109
113
110
112
114
112
137
94
102
120
114
112
97
100
99
124
112
116
88
86
123
86
82
116
83
91
89
107
83
93
79
78
81
68
78
72
66
61
59
68
69
50
57
56
30
54
52
64
50
44
37
30
37
45
34
39
36
