62
55
58
59
49
63
58
45
46
77
38
33
53
28
27
31
32
29
47
30
28
20
23
24
9
28
26
22
18
22
23
15
16
17
16
40
7
13
12
11
16
18
8
12
7
14
11
7
10
8
13
14
12
13
10
13
8
8
10
5
13
5
7
11
11
9
13
15
12
18
13
15
8
27
15
19
21
24
19
25
16
30
29
24
31
27
32
34
45
33
47
41
50
46
48
53
36
72
58
65
79
60
80
65
82
78
75
81
88
94
72
83
86
82
75
89
93
110
98
67
95
107
96
72
85
85
90
104
109
92
101
99
75
93
101
74
81
87
103
99
93
118
113
84
89
93
58
97
101
96
91
92
58
69
75
91
92
93
87
98
67
92
87
83
86
106
93
94
99
107
110
73
104
114
85
84
100
118
98
98
113
120
57
107
104
95
101
132
111
84
103
88
109
86
119
98
115
101
124
88
94
105
82
107
103
111
83
119
100
82
121
96
110
132
95
96
111
126
87
117
111
106
111
108
128
96
105
115
84
106
82
125
76
82
83
108
71
94
97
79
81
74
76
71
83
86
89
95
94
96
68
75
98
98
66
80
73
72
69
85
96
70
70
67
92
78
78
72
72
72
75
66
86
57
50
43
54
60
40
51
69
44
37
50
43
43
53
49
34
48.5
20.5
39.5
35.5
24
36
36.5
37
21.5
28
23.5
31.5
21
20
24.5
36.5
14.5
14.5
15.5
20
16
13
24
2.5
10.5
13
7.5
10.5
6
11
22.5
16
10
6.5
6.5
7.5
2.5
8.5
11.5
15.5
18
20.5
22
22
15
9.5
9
13
18
16.5
16.5
15
16
8.5
10.5
12
28
2
3
4
3.5
7.5
7
7
4.5
19.5
8
12
12.5
15
30.5
15
16
26.5
25.5
33.5
35.5
59.5
45.5
60
69.5
76
81
72
79.5
80
94.5
92.5
120.5
122
109.5
144.5
174
186
188.5
187
213.5
254.5
229
220.5
229.5
230
211.5
222
202
174.5
201
156.5
173
157
161
155.5
160
145
158.5
171
139
142.5
144
153
133.5
105.5
81
86.5
77
85.5
104.5
54
61
60
50
75
27
0
0
0
0
0
0
0
0
0
0
0
0
0
0
0
0
0
0
0
0
0
0
0
0
0
0
0
0
0
0
0
0
0
0
0
0
0
0
0
0
0
0
0
0
0
0
0
0
0
0
0
0
0
0
0
0
0
0
0
0
0
0
0
0
0
0
0
0
0
0
0
0
0
0
0
0
0
0
0
0
0
0
0
0
0
0
0
0
0
0
0
0
0
0
0
0
0
0
0
0
0
0
0
0
0
0
0
0
0
0
0
0
0
0
0
0
0
0
0
0
0
0
0
0
0
0
0
0
0
0
0
0
0
0
0
0
0
0
0
0
0
0
0
0
0
0
0
0
0
0
0
0
0
0
0
0
0
0
0
0
0
0
0
0
0
0
0
0
0
0
0
0
0
0
0
0
0
0
0
0
0
0
0
0
0
0
0
0
0
0
0
0
0
0
0
0
0
0
0
0
0
0
0
0
0
0
0
0
0
0
0
0
0
0
0
0
0
0
0
0
0
0
0
0
0
0
0
0
0
0
0
0
0
0
0
0
0
0
0
0
0
0
0
0
0
0
0
0
0
0
0
0
0
0
0
0
0
0
0
0
0
0
0
0
0
0
0
0
0
0
0
0
0
0
0
0
0
1
34
0
0
0
0
0
60
73
63
65
48
68
85
66
76
60
59
73
60
70
61
50.5
57
52
47
52.5
43.5
5
0
0
0
0
0
0
0
0
0
0
0
0
0
0
0
0
0
0
0
0
0
0
0
0
0
0
0
0
0
0
0
0
0
0
0
0
0
0
0
0
0
0
0
0
0
0
0
0
0
0
0
0
0
0
0
0
0
0
0
0
0
0
0
0
0
0
0
0
0
0
0
0
0
0
0
0
0
0
0
0
0
0
0
0
0
0
0
0
0
0
0
0
0
0
0
0
0
0
0
0
0
0
0
0
0
0
0
0
0
0
0
0
0
0
0
0
0
0
0
0
0
0
0
0
0
0
0
0
0
0
0
0
0
0
0
0
24
21
28
24
12
16
22
18
15
19
12
10
13
8
11
6
6
10
7
7
9
7
9
3
2
5
8
6
4
5
6
3
5
0
1
6
2
6
3
1
0
3
2
0
2
3
1
0
1
4
1
2
3
4
10
31
37
44
35
26
18
21
24
13
24
24
4
2
7
6
4
3
8
7
16
5
13
15
17
19
21
23
29
38
29
25
48
32
45
39
77
75
83
68
110
112
104
131
168
127
88
114
128
100
156
112
111
126
158
105
92
70
113
80
74
90
91
77
77
83
94
93
75
83
59
74
72
70
61
48
55
52
54
67
60
61
45
61
68
57
51
54
62
49
55
64
69
11
0
0
0
0
0
0
0
0
0
0
0
0
0
0
0
0
0
0
0
0
0
0
0
0
0
0
0
0
0
0
0
0
0
0
0
0
0
0
0
0
0
0
0
0
0
0
0
0
0
0
0
0
0
0
0
0
0
0
0
0
0
0
0
0
0
0
0
0
0
0
0
0
0
0
0
0
0
0
0
0
0
0
0
0
0
0
0
0
0
0
0
0
0
0
0
0
0
0
0
0
0
0
0
0
0
0
0
0
0
0
0
0
0
0
0
0
0
0
0
0
0
0
0
0
0
0
0
0
0
0
0
0
0
0
0
0
0
0
0
0
20
14
19
12
18
17
24
12
21
8
6
21
9
9
12
9
6
2
11
13
4
9
5
4
1
1
6
3
7
8
2
1
5
7
3
7
1
3
7
1
3
3
5
4
3
2
4
4
1
2
2
0
2
5
3
4
1
3
4
5
3
2
3
4
2
6
0
9
7
4
8
4
9
8
7
10
10
22
21
17
20
22
32
28
29
25
41
47
46
41
66
62
77
72
130
114
110
135
162
127
102
103
164
115
99
118
132
136
93
138
92
106
71
98
78
91
96
80
84
77
77
76
85
64
59
69
72
73
97
59
82
75
64
72
57
61
62
48
43
0
0
0
0
0
0
0
0
0
0
0
0
0
0
0
0
0
0
0
0
0
0
0
0
0
0
0
0
0
0
0
0
0
0
0
0
0
0
0
0
0
0
0
0
0
0
0
0
0
0
0
0
0
0
0
0
0
0
0
0
0
0
0
0
0
0
0
0
0
0
0
0
0
0
0
0
0
0
0
0
0
0
0
0
0
0
0
0
0
0
0
0
0
0
0
0
0
0
0
0
0
0
0
0
0
0
0
0
0
0
0
0
0
0
0
0
0
0
0
0
0
0
0
0
0
0
0
0
0
0
0
0
0
0
0
0
0
0
0
0
0
0
0
0
0
0
0
0
0
18
19
26
22
16
16
18
15
18
9
8
8
8
9
6
8
8
9
9
6
5
9
4
6
5
9
4
7
8
3
4
4
3
2
4
3
3
4
5
2
2
6
1
2
4
2
3
1
5
2
5
6
2
0
5
0
2
2
6
3
4
5
5
6
5
4
3
4
11
10
5
12
4
5
16
10
10
16
14
26
18
22
28
44
33
32
31
38
49
54
48
96
80
76
94
140
133
110
121
151
136
114
138
149
126
134
128
153
117
92
111
82
90
75
96
70
97
88
75
73
65
72
78
97
65
69
59
74
82
66
70
63
66
64
59
60
47
61
22
0
0
0
0
0
0
0
0
0
0
0
0
0
0
0
0
0
0
0
0
0
0
0
0
0
0
0
0
0
0
0
0
0
0
0
0
0
0
0
0
0
0
0
0
0
0
0
0
0
0
0
0
0
0
0
0
0
0
0
0
0
0
0
0
0
0
0
0
0
0
0
0
0
0
0
0
0
0
0
0
0
0
0
0
0
0
0
0
0
0
0
0
0
0
0
0
0
0
0
0
0
0
0
0
0
0
0
0
0
0
0
0
0
0
0
0
0
0
0
0
0
0
0
0
0
0
0
0
0
0
0
0
0
0
0
0
0
0
0
0
0
0
0
0
0
0
0
0
0
0
0
0
0
0
0
0
0
0
0
0
0
0
0
0
0
0
0
0
0
0
0
0
0
0
0
0
0
0
0
0
0
0
0
0
0
0
0
0
0
0
0
0
0
0
0
0
0
0
0
0
0
0
0
0
0
0
0
0
0
0
0
0
0
0
0
0
0
0
0
0
0
0
0
0
0
0
0
0
0
0
0
0
0
0
0
0
0
0
0
0
0
0
0
0
0
0
0
0
0
0
0
0
1
0
0
0
0
0
0
0
0
0
0
0
0
0
0
0
0
0
0
0
0
0
0
0
0
0
0
0
0
0
0
0
0
0
0
0
0
0
0
0
26
60
45
55
37
36
59
55
49
34
48
36
50
52
40
42
48
33
47
59
56
51
52
53
57
45
66
54
45
48
41
55
33
73
69
50
57
82
79
55
62
30
0
0
0
0
0
0
0
0
107
121
127
113
90.5
129.5
90.5
120
118
126
107.5
107.5
142
125
148
100.5
136.5
121
115.5
171
168.5
161
115
162.5
211
141.5
164
142
164.5
182.5
152.5
163.5
132
157.5
156
111
96
85
120
110
94.5
79
119.5
94.5
91
95
0
0
0
0
0
0
0
0
0
0
0
0
0
0
0
0
0
0
0
0
0
0
0
0
0
0
0
0
0
0
0
0
0
0
0
0
0
0
0
0
0
0
0
0
0
0
0
0
0
0
0
0
0
0
0
0
0
0
0
0
0
0
0
0
0
0
0
0
0
0
0
0
0
0
0
0
0
0
0
0
0
0
0
0
0
0
0
0
0
0
0
0
0
0
0
0
0
0
0
0
0
0
0
0
0
0
0
0
0
0
0
0
0
0
0
0
0
0
0
0
0
0
0
0
0
0
0
0
0
0
0
0
0
0
0
0
0
0
0
0
0
0
0
0
0
0
0
0
0
0
0
0
0
0
0
0
0
0
0
0
0
0
0
0
0
0
0
0
0
0
0
0
0
0
0
0
0
0
0
0
0
0
0
0
0
0
0
0
0
0
0
0
0
0
0
0
0
0
0
0
0
0
0
0
0
0
0
0
0
0
0
0
0
0
0
0
0
0
0
0
0
0
0
0
0
0
0
0
0
0
0
0
0
0
0
0
0
0
0
0
0
0
0
0
0
0
0
0
0
0
0
0
0
0
0
0
0
0
0
0
0
0
0
0
0
0
0
0
0
0
0
0
0
0
0
0
0
0
0
0
0
0
0
0
0
0
0
0
0
0
0
0
0
0
0
0
0
0
0
0
0
0
0
0
0
0
0
0
0
0
0
0
0
0
0
0
0
0
0
0
0
0
0
0
0
0
0
0
0
0
0
0
0
0
0
0
0
0
0
0
0
0
0
0
0
0
0
0
0
0
0
0
0
0
0
0
0
0
0
0
0
0
0
0
0
0
0
0
0
0
0
0
0
0
0
0
0
0
0
0
0
0
0
0
0
0
0
0
0
0
0
0
0
0
0
0
0
0
0
0
0
0
0
0
0
0
0
0
0
0
0
0
0
0
0
0
0
0
0
0
0
0
0
0
0
0
0
0
0
0
0
0
0
0
0
0
0
0
0
0
0
0
0
0
0
0
0
0
0
0
0
0
0
0
0
0
0
0
0
0
0
0
0
0
0
0
0
0
0
0
0
0
0
0
0
0
0
0
0
0
0
0
0
0
0
0
0
0
0
0
0
0
0
0
0
0
0
0
0
0
0
0
0
0
0
0
0
0
0
0
0
0
0
0
0
0
0
0
0
0
0
0
0
0
0
0
0
0
0
0
0
0
0
0
0
0
0
0
0
0
0
0
0
0
0
0
0
0
0
0
0
0
0
0
0
0
0
0
0
0
0
0
0
0
0
0
0
0
0
0
0
0
0
0
0
0
0
0
0
0
0
0
0
0
0
0
0
0
0
0
0
0
0
0
0
0
0
0
0
0
0
0
0
0
0
0
0
0
0
0
0
0
0
0
0
0
0
0
0
0
0
0
0
0
0
57.5
46.5
53.5
44.5
37.5
39
33.5
41.5
34
31.5
31
49
39
27.5
22.5
34
33.5
31.5
15.5
19
24
6
15
8.5
6.5
14
13
13
15.5
7
15.5
10
9.5
15.5
8
9
17.5
15.5
14.5
8
8.5
13
5
4
6.5
5
2.5
6
4.5
7
10
7
6.5
5.5
4
9
8.5
7
5
9
4
7.5
7.5
20.5
8.5
5.5
9.5
10
13.5
15
19
14.5
23.5
17
27
25.5
27.5
35.5
38
36.5
51.5
55.5
57
53.5
79.5
51.5
60.5
96
87.5
73
100
110
134.5
129
204.5
231.5
228.5
255.5
269
246
213
285.5
188
194
239
231.5
223
198.5
202
188
157
152.5
166
155.5
164
176.5
147
143
168.5
160
162
145.5
154
161
141.5
132.5
141
133
149
146
160.5
165
108.5
143
131.5
154
136.5
98
147
145.5
0
0
0
0
0
0
0
0
0
0
0
0
0
0
0
0
0
0
0
0
0
0
0
0
0
0
0
0
0
0
0
0
0
0
0
0
0
0
0
0
0
0
0
0
0
0
0
0
0
0
0
0
0
0
0
0
0
0
0
0
0
0
0
0
0
0
0
0
0
0
0
0
0
0
0
0
0
0
0
0
0
0
0
0
0
0
0
0
0
0
0
0
0
0
0
0
0
0
0
0
0
0
0
0
0
0
0
0
0
0
0
0
0
0
0
0
0
0
0
0
0
0
0
0
0
0
0
0
0
0
0
0
0
0
0
0
0
0
0
0
0
0
0
0
0
0
0
0
0
0
0
0
0
0
0
0
0
0
0
0
0
0
0
0
0
0
0
0
0
0
0
0
0
0
0
0
0
0
0
0
0
0
0
0
0
0
0
0
0
0
0
0
0
0
0
0
0
0
0
0
0
0
0
0
0
12.5
7.5
9.5
7
6
6.5
8
5.5
5.5
8
11.5
8.5
7.5
13
7.5
21.5
10.5
19
30.5
33.5
33.5
35.5
43
45.5
50.5
74
62.5
52
53
51.5
89.5
91
73
105.5
132
122.5
134
181
238
216
206
251.5
291.5
221
232.5
213
241
220.5
205
222.5
187
195.5
173
161
157
184
175.5
173.5
168.5
131.5
146.5
163
160.5
143.5
138.5
113.5
151.5
162.5
185.5
132
118
148.5
130.5
144.5
112.5
123.5
129.5
135
138.5
129
113
140
152.5
0
0
0
0
0
0
0
0
0
0
0
0
0
0
0
0
0
0
0
0
0
0
0
0
0
0
0
0
0
0
0
0
0
0
0
0
0
0
0
0
0
0
0
0
0
0
0
0
0
0
0
0
0
0
0
0
0
0
0
0
0
0
0
0
0
0
0
0
0
0
0
0
0
0
0
0
0
0
0
0
0
0
0
0
0
0
0
0
0
0
0
0
0
0
0
0
0
0
0
0
0
0
0
0
0
0
0
0
0
0
0
0
0
0
0
0
0
0
0
0
0
0
0
0
0
0
0
0
0
0
0
0
0
0
0
0
0
0
0
0
0
0
0
0
0
0
0
0
0
0
0
0
0
0
0
0
0
0
0
0
0
0
0
0
0
0
0
0
0
0
0
0
0
0
0
0
0
1
0
0
0
1.5
10.5
9
8
12.5
6
11
12.5
4
10.5
2.5
5.5
5
5
7.5
8
6
4.5
5.5
8
2.5
5.5
7.5
6
11
8.5
7
5
9.5
7
10
11.5
10.5
9
2.5
18.5
18
13
19.5
15.5
20
21
27.5
19.5
28.5
35.5
45.5
39.5
51
54.5
48.5
50
55
74
64
88.5
85.5
109.5
105
104.5
152
230
201
206
237.5
236.5
263.5
247.5
251
244
230.5
201.5
235.5
247
191
195
183.5
178.5
156.5
138.5
153.5
166.5
157
148.5
150
158
131.5
188.5
168.5
152
138.5
162
127
149.5
131
137.5
142
137.5
168
111
118.5
152
122
128.5
133.5
118.5
149
145.5
65.5
0
0
0
0
0
0
0
0
0
0
0
0
0
0
0
0
0
0
0
0
0
0
0
0
0
0
0
0
0
0
0
0
0
0
0
0
0
0
0
0
0
0
0
0
0
0
0
0
0
0
0
0
0
0
0
0
0
0
0
0
0
0
0
0
0
0
0
0
0
0
0
0
0
0
0
0
0
0
0
0
0
0
0
0
0
0
0
0
0
0
0
0
0
0
0
0
0
0
0
0
0
0
0
0
0
0
0
0
0
0
0
0
0
0
0
0
0
0
0
0
0
0
0
0
0
0
0
0
0
0
0
0
0
0
0
0
0
0
0
0
0
0
0
0
0
0
0
0
0
0
0
0
0
0
0
0
30
19.5
29.5
23.5
51
47
44.5
34
34
14.5
16
14.5
18.5
13.5
5
19
14
19
6.5
8.5
10
9
11
13.5
10.5
11.5
10
8.5
13
8.5
16.5
8
12
2.5
2.5
6
6
8
7
3.5
6
3
5
6
8
2
4.5
20.5
2.5
7
5.5
5.5
8.5
3
11.5
9
7
6
12
8
7
9.5
8
22.5
20
16.5
21.5
21
39
38
50
52.5
56
65.5
62
58.5
66
74
115
101
104.5
123
123
140
176
185
205.5
224.5
243
251.5
236.5
227
193
279
237.5
223.5
224.5
239
237
178.5
184.5
161
197
159
180.5
203
173
175.5
182.5
168
152
154.5
151.5
180
179
141.5
142
168
154.5
141
155
136
142.5
191
150
158.5
129
169
191
176.5
128.5
0
0
0
0
0
0
0
0
0
0
0
0
0
0
0
0
0
0
0
0
0
0
0
0
0
0
0
0
0
0
0
0
0
0
0
0
0
0
0
0
0
0
0
0
0
0
0
0
0
0
0
0
0
0
0
0
0
0
0
0
0
0
0
0
0
0
0
0
0
0
0
0
0
0
0
0
0
0
0
0
0
0
0
0
0
0
0
0
0
0
0
0
0
0
0
0
0
0
0
0
0
0
0
0
0
0
0
0
0
0
0
0
0
0
0
0
0
0
0
0
0
0
0
0
0
0
0
0
0
0
0
0
0
0
0
0
0
0
0
0
0
0
0
0
0
0
0
54.5
41.5
42.5
42.5
42
61.5
27.5
46
23
31
33.5
30.5
30
21.5
21
38
21.5
12.5
31
21.5
16.5
19
15.5
16
5.5
10.5
9.5
19
9.5
18
12
17
8.5
17.5
7
13
7
5.5
9.5
6
5
7
10.5
9
19.5
11.5
11
8.5
2
3.5
10
8
5.5
5.5
4
5
8
4.5
10
13
15.5
27
18
8
17
19.5
3.5
14
9.5
8.5
10
10
16.5
16.5
21
16.5
18
24.5
13
18
32
44.5
43
33.5
38
33
44
52.5
32.5
49
63
66.5
80
84.5
90.5
85.5
89.5
97
94.5
106
69.5
77.5
69.5
101.5
97
101.5
142
100.5
104
147
135
113
109.5
123
139
117.5
110.5
121.5
141
112.5
127
103
146.5
139
99
161.5
112.5
117.5
125
117
132
133
112.5
82.5
130
86.5
108.5
96
130
90
81
114
84
119.5
116
115
117
104
80.5
101
119
92.5
94
127
101
93.5
84.5
98.5
104
116
100.5
90.5
117
89
102.5
114.5
116
111.5
119.5
96
107.5
121.5
112
102
125
111
124
102.5
113.5
131
113.5
123
123
100
101.5
111.5
118
87
129
106.5
108
105.5
100
99
136
110.5
107
118
121
121.5
97
111.5
132
116.5
128.5
109
159
118.5
113
123.5
140
150
131
127.5
148.5
136
157.5
110.5
130
135.5
116
145
137.5
173.5
118
133
126.5
117
159
89.5
102
111.5
76
126
99
110.5
114.5
102
99.5
95
109.5
99
115.5
85.5
92.5
89.5
87.5
88
108
87.5
102.5
63.5
0
0
0
0
0
0
0
0
0
0
0
0
0
0
0
0
0
0
0
0
0
0
0
0
0
0
0
0
0
0
0
0
0
0
0
0
31.5
51.5
52.5
59.5
33.5
32
43
46
23.5
38.5
33
44.5
29.5
24
18.5
25
30.5
22.5
28.5
26
20
17.5
27.5
20
2.5
21
24
19
18
17
11.5
16
8.5
11
14.5
19
10
7
19.5
12
8
20.5
10
8.5
10.5
8
6.5
5
12.5
14
15
10.5
7
8
8.5
4.5
7.5
6.5
8.5
11.5
8.5
4
10
8.5
2
8
12
11
13
19
7.5
6.5
21.5
11.5
15
22
18.5
14
21.5
25
27
31
23.5
41
28.5
34.5
24
34
46
25.5
56
36.5
47.5
49.5
41
44.5
63.5
66
45.5
58
80.5
74
85
56
98
84
60
95.5
78
52
97.5
85.5
96.5
73
91
101.5
75.5
90
63
89.5
106
88
93
102
70.5
87.5
84
99.5
95
115.5
97.5
79
112
89
102
105.5
95.5
95
82
99
106.5
93.5
94
111.5
103.5
96
111.5
104
83.5
85.5
106.5
77
77.5
94
90.5
96
103
70.5
113
83
71.5
96.5
103.5
111
100.5
116.5
81
107.5
110.5
118
81
96.5
115
91.5
97.5
117
108
102
108
120.5
109.5
99
100
122.5
107
90.5
100.5
115.5
94
100
108.5
76.5
110.5
98.5
110
121
100
110.5
101.5
127
87
127.5
102.5
122.5
94
119.5
92.5
122
120
106.5
127.5
111
106
104.5
81
141
86
131.5
112.5
117
114.5
98.5
134
74
121.5
89.5
78
108
83
0
0
0
0
0
0
0
0
0
0
0
0
0
0
0
0
0
0
0
0
0
0
0
0
0
0
0
0
0
0
0
0
0
0
0
0
0
0
0
0
0
0
0
0
0
0
0
0
0
0
0
0
0
0
0
0
0
0
0
57
39
32
29
37.5
40.5
23.5
33.5
22
27
20.5
16.5
22.5
46
27
25.5
31.5
23
18.5
22
20
32
25
23
11
22.5
17
23
21
23
17.5
27.5
10
7.5
15
9
8.5
8.5
11.5
9
7
14
4
10
5
7.5
7.5
13
11
4
8
11
7
9.5
5
7
8.5
11
7.5
7
13.5
11.5
7
8
9.5
8
8.5
12
16.5
15.5
17
19.5
21.5
20.5
28.5
27
38.5
37.5
41
53
51
68
60
77
52
69
72.5
84
106.5
112.5
134.5
113.5
138
177
196
185.5
265.5
243.5
260.5
228
210
243.5
219.5
219
241.5
220.5
214
166.5
214
192
201.5
170.5
145
151.5
168
135.5
148.5
129
150
138.5
163
145.5
117
165.5
135
159.5
125.5
113.5
113.5
140.5
130
138
116.5
134
153.5
146
121
124.5
119
123
130
156.5
136
111
45
0
0
0
0
0
0
0
0
0
0
0
0
0
0
0
0
0
0
0
0
0
0
0
0
0
0
0
0
0
0
0
0
0
0
0
0
0
0
0
0
0
0
0
0
0
0
0
0
0
0.5
0
0
0
0
0
0
0
0
0
0
0
0
0
0
0
0
0
0
0
0
0
0
0
0
0
0
0
0
0
0
0
0
0
0
0
0
0
0
0
0
0
0
0
0
0
0
0
0
0
0
0
0
0
0
0
0
0
0
0
0
0
0
0
0
0
0
0
0
0
0
0
0
0
0
0
0
0
0
0
0
0
0
0
0
0
0
0
0
0
0
0
0
0
47
41.5
43.5
47
49
29
40
45
22.5
30
22
31
24
29.5
20.5
16.5
20.5
17
18
26
21
12
18
14
2
16.5
18.5
12.5
10
12.5
10.5
8
8.5
13.5
10.5
6.5
4.5
11
12
8
12.5
7.5
4
5
3
10.5
4.5
6
4.5
11.5
4
13.5
6
9
9
2.5
9
6.5
3.5
5
8
9.5
8.5
6
12.5
9.5
10
13.5
11
11
9
18
15
16
17.5
20
23
39.5
38.5
47.5
38
48.5
44.5
52.5
52
63
71.5
71
71.5
93.5
108
85
159.5
172.5
191.5
187.5
221
223
250.5
215
225.5
274
218.5
198.5
206
208.5
176
230
185.5
197.5
171
184.5
181.5
161
160
151.5
173.5
172.5
165
132.5
143
139.5
167.5
161
147
97
162.5
176.5
160.5
150
147.5
172
148
153.5
140
109.5
124
129
125
144.5
119.5
165.5
131
137.5
158.5
167.5
138.5
121.5
123.5
133
105
111
109
126
110
92.5
105.5
120.5
130.5
45.5
0
0
0
0
0
0
0
0
0
0
0
0
0
0
0
0
0
0
0
0
0
0
0
0
0
0
0
0
0
0
0
0
0
0
0
0
0
0
0
0
0
0
0
0
0
0
0
0
0
0
0
0
0
0
0
0
0
0
0
0
0
0
0
0
0
0
0
0
0
0
0
0
0
0
0
0
0
0
0
0
0
0
0
0
0
0
0
0
0
0
0
0
0
0
0
0
0
0
0
0
0
0
0
0
0
0
0
0
0
0
0
0
0
0
0
0
0
0
0
0
0
0
0
0
0
0
0
0
47
40
38.5
55
40
31.5
37
27
38
25.5
28.5
25
29.5
24
22
33
21
18
12
18
16.5
19.5
19
15.5
4.5
13
14
13
6.5
15
13.5
18.5
14.5
4.5
16
7
9
4.5
7
15
11
7.5
6.5
3
11.5
10.5
2.5
5
9.5
11
7
10
3
6
7.5
4.5
11
4.5
7.5
7
10.5
2
5
11.5
4
8.5
10.5
11.5
10.5
15.5
12.5
17.5
15.5
12.5
14.5
28.5
32
29
38.5
28.5
45
51
51.5
50
42.5
55
62
84.5
75
92
122.5
115
105
146
189.5
210
198
222
282
278
227.5
234.5
228
275.5
245.5
178
206
208
187.5
166
173
179
167
165
158
173
160.5
143.5
172.5
157
174
165.5
157
155
181.5
145.5
131
152.5
158
138
146.5
141.5
144
148.5
119.5
142
122.5
135.5
136
154.5
147.5
111.5
157
161.5
156.5
8.5
0
0
0
0
0
0
0
0
0
0
0
0
0
0
0
0
0
0
0
0
0
0
0
0
0
0
0
0
0
0
0
0
0
0
0
0
0
0
0
0
0
0
0
0
0
0
0
0
0
0
0
0
0
0
0
0
0
0
0
0
0
0
0
0
0
0
0
0
0
0
0
0
0
0
0
0
0
0
0
0
0
0
0
0
0
0
0
0
0
0
0
0
0
0
0
0
0
0
0
0
0
0
0
0
0
0
0
0
0
0
0
0
0
0
0
0
0
0
0
0
0
0
0
0
0
0
0
0
0
0
0
0
0
0
0
0
0
0
0
0
0
0
50
54
55
41
40.5
49.5
47
26.5
43
25
26.5
38.5
23
27.5
18.5
35
10.5
19
17.5
15
15.5
15
31
8
4.5
14
10.5
22
8.5
10
9.5
8
12
16
8.5
8
9.5
11
12
8
8.5
15.5
5.5
7
8
1.5
9.5
6
9
8.5
10
4
7
2
10
7.5
9
3
7
8.5
10
10
4
9
10.5
3
12
15.5
13
15.5
20.5
15
13
20
24
21
21.5
30.5
30
36.5
50.5
44
47
59.5
52
64.5
65
84
89.5
87
93
133
107
165
170
213.5
216
257.5
253.5
223.5
142
310.5
261
266
211
209.5
195.5
218
190
183.5
166
174.5
147.5
176
154
166.5
142.5
131
176
162
159
153
162.5
167.5
118.5
148.5
134
118.5
145.5
128.5
139.5
131
128
151.5
104.5
143
138
134.5
108.5
168.5
143.5
0
0
0
0
0
0
0
0
0
0
0
0
0
0
0
0
0
0
0
0
0
0
0
0
0
0
0
0
0
0
0
0
0
0
0
0
0
0
0
0
0
0
0
0
0
0
0
0
0
0
0
0
0
0
0
0
0
0
0
0
0
0
0
0
0
0
0
0
0
0
0
0
0
0
0
0
0
0
0
0
0
0
0
0
0
0
0
0
0
0
0
0
0
0
0
0
0
0
0
0
0
0
0
0
0
0
0
0
0
0
0
0
0
0
0
0
0
0
0
0
0
0
0
0
0
0
0
0
0
0
0
0
0
0
0
0
0
0
0
0
0
0
0
0
0
0
0
48.5
48
40.5
36
42.5
47.5
23.5
44.5
33
42
32
21.5
26
29.5
30
23.5
23.5
18
18.5
25.5
19
30.5
21.5
13
3
13
15
6
9.5
26
12
7
5
5.5
12
14
6
8
8
10.5
20
2.5
6.5
10.5
8
6.5
9.5
9.5
8.5
7.5
4.5
5.5
4
11
14
3.5
12
4.5
5
3.5
10
6.5
8.5
9.5
10
9
17
6.5
7
16
16
19
15.5
18
17.5
21.5
14.5
28
40
48
40
41
44
44.5
42
69.5
65
74
84.5
82
101
114
128
167.5
149.5
172.5
239.5
250
241.5
265
263
259.5
249
260
234.5
206
212
174
186
172
173.5
162
157.5
153
148.5
202.5
150.5
133
165
161.5
158
159.5
140
146.5
140
115.5
135.5
115
197.5
126.5
120.5
137.5
122.5
156
134
95
141
145
124
129.5
158
167.5
0
0
0
0
0
0
0
0
0
0
0
0
0
0
0
0
0
0
0
0
0
0
0
0
0
0
0
0
0
0
0
0
0
0
0
0
0
0
0
0
0
0
0
0
0
0
0
0
0
0
0
0
0
0
0
0
0
0
0
0
0
0
0
0
0
0
0
0
0
0
0
0
0
0
0
0
0
0
0
0
0
0
0
0
0
0
0
0
0
0
0
0
0
0
0
0
0
0
0
0
0
0
0
0
0
0
0
0
0
0
0
0
0
0
0
0
0
0
0
0
0
0
0
0
0
0
0
0
0
0
0
0
0
0
0
0
0
0
0
0
0
0
0
0
0
0
0
0
0
0
0
0
0
0
0
0
0
0
0
0
0
0
0
0
0
0
0
0
0
0
0
0
0
0
0
0
0
0
0
0
0
0
0
0
0
0
0
0
0
0
4
8
6
10
1
2
15
1
9
6
8
0
10
4
6
7
8
6
6
12
8
6
8
8
14
16
24
15
18
27
33
29
29
47
34
44
64
57
52
74
75
82
101
111
107
123
115
138
166
150
175
183
221
266
258
221
264
236
254
204
220
205
217
190
185
181
133
137
135
152
159
185
151
144
137
111
137
128
127
131
113
142
128
122
126
118
130
131
108
128
118
108
132
106
121
119
123
130
126
124
146
172
134
104
89
114
108
110
97
87
94
102
104
112
87
102
111
103
116
113
136
163
147
139
131
154
146
150
101
145
145
161
104
158
158
122
135
166
147
140
115
170
162
144
131
165
119
0
0
0
0
0
0
0
0
0
0
0
0
0
0
0
0
0
0
0
0
0
0
0
0
0
0
0
0
0
0
0
0
0
0
0
0
0
0
0
0
0
0
0
0
0
0
0
0
0
0
0
0
0
0
0
0
0
0
0
0
0
0
0
0
0
0
0
0
0
0
0
0
0
0
0
0
0
0
0
0
0
0
0
0
0
0
0
0
0
0
0
0
0
0
0
0
0
0
0
0
0
0
0
0
0
0
0
0
0
0
0
0
0
0
0
0
0
10
18
14
12
4
10
15
11
12
10
5
9
12
8
9
4
10
9
4
6
11
7
8
6
7
9
8
6
4
9
5
3
8
7
6
6
8
9
8
7
9
10
6
8
4
9
10
10
11
21
18
17
25
13
22
15
26
25
50
32
60
41
35
74
68
56
96
62
84
79
89
113
132
149
194
200
219
264
259
265
259
262
235
204
209
211
183
185
189
203
160
174
178
164
186
143
158
147
146
143
151
152
129
122
146
133
112
150
124
106
156
137
125
121
143
138
91
126
145
104
116
122
153
152
45
0
0
0
0
0
0
0
0
0
0
0
0
0
0
0
0
0
0
0
0
0
0
0
0
0
0
0
0
0
0
0
0
0
0
0
0
0
0
0
0
0
0
0
0
0
0
0
0
0
0
0
0
0
0
0
0
0
0
0
0
0
0
0
0
0
0
0
0
0
0
0
0
0
0
0
0
0
0
0
0
0
0
0
0
0
0
0
0
0
0
0
0
0
0
0
0
0
0
0
0
0
0
0
0
0
0
0
0
0
0
0
0
0
0
0
0
0
0
0
0
0
0
0
0
0
0
0
0
0
0
0
0
0
0
0
0
0
0
0
0
0
0
0
50.5
53.5
56
50.5
42
47
49
30.5
36.5
36
31.5
23.5
24
28.5
22
28.5
14.5
23
22
24
26
11
13.5
15
2
14
17
13
19.5
16.5
15
11
9.5
7.5
7
12
13.5
5
10.5
4.5
6
16.5
10
6
8
11
6.5
7
6
6
4
13
7.5
6.5
8
10.5
7.5
4
9.5
7.5
3.5
10.5
8.5
13
8.5
11
11
17.5
17
10
19
16
16
10.5
19
24.5
28
34.5
29.5
37.5
43.5
53
45.5
52
58
55
70
84.5
80.5
75.5
97
128.5
138
168
166.5
230.5
216
226
246.5
263
236
252.5
213
248
214
263
243.5
271.5
228.5
217.5
193.5
190.5
193
179
192.5
188
193.5
181
217
176
185.5
170.5
179
176
157.5
117
152.5
160
162
155
111
160.5
131.5
135.5
142.5
125.5
143
120.5
141.5
130
108
0
0
0
0
0
0
0
0
0
0
0
0
0
0
0
0
0
0
0
0
0
0
0
0
0
0
0
0
0
0
0
0
0
0
0
0
0
0
0
0
0
0
0
0
0
0
0
0
0
0
0
0
0
0
0
0
0
0
0
0
0
0
0
0
0
0
0
0
0
0
0
0
0
0
0
0
0
0
0
0
0
0
0
0
0
0
0
0
0
0
0
0
0
0
0
0
0
0
0
0
0
0
0
0
0
0
0
0
0
0
0
0
0
0
0
0
0
0
0
0
0
0
0
0
0
0
0
0
0
0
0
0
0
0
0
0
0
0
0
0
0
0
0
0
0
0
0
33.5
44.5
40
35.5
40.5
41.5
32
29.5
30
29.5
26
51
21.5
16
32.5
36
15.5
11.5
22
20
16.5
12.5
14
11
6
14.5
11.5
13.5
10.5
10.5
14
13.5
14.5
16
5
13
13
14
12
8
7.5
11
7.5
8
13
5.5
4.5
4
10
8.5
3
2
7.5
9.5
4
8.5
6
6
4.5
11
7
8.5
4
6.5
8
10
3
12.5
15
9
11.5
11.5
22
24.5
18
19
32
31.5
33
39
49
57.5
46
62
49.5
58.5
56
90
81.5
81
100
135
133.5
138.5
182.5
234
243.5
230
181
244
223
233.5
259
241
235
208
190.5
218
191.5
173
203.5
180.5
194.5
161
180
164.5
188
147.5
178.5
162
127
157.5
128.5
158
156.5
141
173
144.5
157.5
146.5
143
140.5
144.5
177
135.5
129
137
137.5
124.5
144.5
132
126
134.5
153
160
138
142
149.5
110.5
128
109.5
56.5
0
0
0
0
0
0
0
0
0
0
0
0
0
0
0
0
0
0
0
0
0
0
0
0
0
0
0
0
0
0
0
0
0
0
0
0
0
0
0
0
0
0
0
0
0
0
0
0
0
0
0
0
0
0
0
0
0
0
0
0
0
0
0
0
0
0
0
0
0
0
0
0
0
0
0
0
0
0
0
0
0
0
0
0
0
0
0
0
0
0
0
0
0
0
0
0
0
0
0
0
0
0
0
0
0
0
0
0
0
0
0
0
0
0
0
0
0
0
0
0
0
0
0
0
0
0
0
0
0
0
0
0
0
0
0
0
48
47.5
50
54.5
44.5
50
50
33
38.5
35
26.5
37.5
31
33
29.5
37
19.5
22
18
35.5
17.5
19.5
13
10.5
5
19
7
23
15
17
13
11
16
11
10
12.5
12.5
5
11.5
13.5
10.5
5
4
6.5
6.5
10
8.5
6.5
6
2.5
10
6.5
6.5
9
10.5
5
9
2.5
5
6
5
12.5
11
4.5
3.5
11.5
5.5
8.5
14.5
10
19.5
11.5
9
16.5
18.5
20
25.5
25.5
29.5
33
33
61.5
45
54
67
60.5
78
63.5
76.5
61.5
116
124.5
130
154.5
169.5
223
211.5
245
229.5
264.5
231.5
272.5
214.5
257.5
226.5
180
216.5
211
227.5
160.5
186
166
170.5
165
166
136
180.5
161.5
169.5
156
118.5
146
167
139
128.5
153
129.5
135
154.5
128.5
138.5
113
160
141
138
146
115.5
142
102
0
0
0
0
0
0
0
0
0
0
0
0
0
0
0
0
0
0
0
0
0
0
0
0
0
0
0
0
0
0
0
0
0
0
0
0
0
0
0
0
0
0
0
0
0
0
0
0
0
0
0
0
0
0
0
0
0
0
0
0
0
0
0
0
0
0
0
0
0
0
0
0
0
0
0
0
0
0
0
0
0
0
0
0
0
0
0
0
0
0
0
0
0
0
0
0
0
0
0
0
0
0
0
0
0
0
0
0
0
0
0
0
0
0
0
0
0
0
0
0
0
0
0
0
0
0
0
0
0
0
0
0
0
0
0
0
0
0
0
0
0
0
0
0
0
0
0
0
0
51
53.5
66.5
49
41
49
49.5
42
31.5
42.5
43.5
32
22
37.5
35
30
26
26.5
23.5
21.5
25.5
23.5
22.5
21.5
0
22.5
12
13.5
11
19.5
15.5
4.5
13
14
6.5
12
10.5
13
6
15.5
15.5
10
8
12
13.5
9.5
10.5
6.5
15
8
9
6
8
11
8
8.5
7.5
6
4.5
3.5
8
5.5
7.5
9.5
14.5
5.5
12
8.5
14
7.5
8.5
9.5
26
16.5
17.5
27.5
22
28.5
27.5
18.5
27.5
21.5
47
29
49.5
63.5
37.5
55.5
76.5
78.5
113
133
135.5
172
161.5
194
232.5
254.5
256
267.5
248.5
238
248
279.5
237
256.5
241.5
242.5
231.5
200.5
141.5
174
160
153
129.5
148
170.5
118
154
149.5
127.5
132
140
124.5
140
142.5
132
124.5
129.5
119
113.5
143.5
169.5
123
148
152.5
111
142.5
151.5
157.5
158.5
145
152
153
153.5
208
172.5
121.5
135.5
109.5
132
117.5
97.5
118.5
139
111.5
114
136
107.5
130
134
120.5
139
154.5
126
166.5
177
159.5
177
158
145
164
171
132
146
108
0
0
0
0
0
0
0
0
0
0
0
0
0
0
0
0
0
0
0
0
0
0
0
0
0
0
0
0
0
0
0
0
0
0
0
0
0
0
0
0
0
0
0
0
0
0
0
0
0
0
0
0
0
0
0
0
0
0
0
0
0
0
0
0
0
0
0
0
0
0
0
0
0
0
0
0
0
0
0
0
0
0
0
0
0
0
0
0
0
0
0
0
0
0
0
0
0
0
0
0
0
0
0
0
0
0
0
0
0
0
0
0
53.5
53.5
76
47.5
49.5
41
69
51.5
51.5
27
41.5
53.5
41
21.5
28
38
36.5
31.5
37
30
36
18
17
22.5
1.5
24.5
12
20
16.5
21
22.5
15
20
13.5
17
19
18.5
5
12.5
15
10
10
17.5
18.5
8
13.5
22
9.5
12
14
13
9
11.5
8.5
11.5
13.5
10
14
14
8
7
13
8.5
12
12
18.5
12.5
7.5
13
6
11
18.5
17
20
21
17.5
21
21.5
19
30
33.5
26
27.5
42.5
38.5
36
34.5
35
32.5
26
39.5
58.5
28.5
42.5
46
48.5
61
47.5
35.5
63.5
66.5
51
59
64
56.5
84
60
73
80.5
65
65.5
80.5
81
74
65.5
85
110
98.5
99.5
96.5
92
100.5
79
89
77.5
115
109
88
97.5
101.5
99
81.5
81.5
112.5
100.5
86.5
94
76.5
81.5
119
93.5
78
103.5
90.5
74
81.5
102
87.5
100
83.5
96
99
68.5
97
72.5
102.5
87.5
84.5
79
64
91.5
56.5
95
106.5
77
85
106
108.5
102
102.5
102.5
102
107.5
106
90
77.5
114.5
106.5
98.5
122
80
111
105.5
88.5
98.5
83.5
103
99
111.5
92.5
98.5
85.5
83.5
91.5
101.5
101
108.5
114.5
113.5
80
94
140
106
107.5
76.5
95.5
110.5
84.5
124.5
79
97
102.5
103.5
127
100
120.5
73
122
115
90.5
128.5
113.5
111.5
105.5
119
92
81
131
106
131.5
94
90
88
91.5
102.5
85
105.5
60.5
87
91
86
78
62.5
86
82.5
86.5
79
104
101
99
85
98.5
93
68
87
94
70
97.5
90.5
70.5
99
76
81
83
96
76
72.5
89
81
78.5
79.5
59
75.5
70
69.5
68
77.5
53
70
82.5
49
65.5
61
61.5
43
54.5
64
36.5
46
39
55
42
34
38
45.5
40
51.5
35
32.5
24.5
29.5
36.5
23.5
16
25.5
22.5
20
17.5
21.5
15.5
19.5
19.5
1
12
12.5
15
18.5
12
13.5
15
14
13
11.5
8.5
6.5
13
5
3.5
13.5
13
9
16
5
12
8
11.5
11
9.5
8
9
4.5
8.5
7.5
7.5
4
10.5
7
6.5
9
11
4
8
5
9.5
14
6.5
15.5
29.5
21.5
15.5
22.5
16
29.5
28
31
40.5
37
53.5
69
54
55.5
66
52
63.5
94.5
65.5
115
118
122
113.5
125.5
157
191.5
167.5
229
257
243
220.5
206.5
231
258
218
196
236
196.5
200
212.5
184.5
192.5
192.5
174
145
181
154
170.5
141
156.5
174.5
121
154
161
166.5
164.5
116
150.5
147.5
124
151
118
118.5
139
147
150
128.5
114.5
143
143.5
126.5
118.5
121
164.5
146.5
149
172
149.5
136.5
119
138
124
101
106.5
127.5
130.5
103.5
118
132
88
106
115.5
120
106.5
116
155
155
132
149
198
185
136
147.5
156
151.5
133
146.5
142
155
160
116
141
141
147.5
110.5
170.5
158.5
126.5
127.5
145
169.5
173.5
128
153
149.5
156.5
129
135
120.5
148
141.5
155.5
148
160
133
151
162
151
173
129.5
156.5
132.5
181.5
201
178.5
167.5
176.5
239.5
252.5
263
234
267
276
212.5
190
213.5
206
159.5
198
168.5
161.5
167.5
137
113
151
136
201.5
161.5
157.5
122
137
100
160.5
129
125.5
116.5
139.5
132
128.5
129.5
179.5
175
172.5
138.5
167.5
164.5
166
143.5
168.5
140
117
94.5
103
105
112.5
101
135
129
115
87.5
100.5
117
90.5
98.5
112.5
79.5
70
89.5
115.5
99
108.5
67.5
65
91
52
66
57.5
39.5
63
52
37.5
50.5
46
33
33.5
44.5
34.5
22.5
35.5
30.5
26
30
19.5
25.5
21
14.5
24
22.5
20
23
15
10.5
19
3
15
12
18
11
13.5
6
23.5
5
9.5
15.5
13.5
10
10
11
13
9
6.5
4.5
10.5
8.5
10
8.5
6.5
6
7
10
9.5
7
5.5
6
10
6
2
7
9
6.5
10.5
4.5
8
8
6
8
13
5.5
12.5
12.5
19
16
13
16.5
23
41
30.5
32
42
39.5
49.5
44
51
43.5
43
60.5
80.5
92
73.5
116.5
135.5
135
160.5
196.5
219
222
211
277
283
242.5
240.5
245
188.5
221
199
197
180.5
197
175.5
143
149
166
168
151.5
182.5
169.5
155
154.5
177
145
163
149.5
141.5
147
128.5
166
111
127
127
134
155
134
144.5
131.5
135.5
163.5
140
127
153.5
151
146.5
139.5
150
149
166
128.5
134.5
89
125
134
122.5
120
107
127
106.5
103.5
120
87.5
126.5
85
144.5
142
94
137.5
167.5
136.5
154
143
156.5
167.5
167.5
140
195
187.5
196.5
140.5
191.5
169
161
133.5
137.5
161
164.5
96
162.5
158
125.5
146.5
152
158
143.5
149.5
133
146.5
150.5
147.5
138
143.5
151.5
134.5
119
128
144.5
166.5
160.5
139
151
150.5
133
148
166
185.5
209
187
197
196.5
219
239
248.5
258.5
223.5
241
151.5
224
184.5
210
185.5
179
195.5
168.5
163.5
151
120
119.5
173
163
150
114.5
161
145
111.5
110.5
144
122.5
120.5
109
143
160.5
179
170.5
222.5
183
192.5
156.5
187
171
163.5
124
150
148
139
92.5
131
144.5
170.5
91.5
114.5
123.5
110.5
86
97
84
82.5
86.5
91
97
126
141
99
97.5
77
71
56.5
68
61.5
60.5
45.5
64
50
47
44
30
38
47
35
32
29
30
32
22
33
16
32
25
21
19
30
27
18
17
23
5
21
16
11
10
15
11
13
17
12
9
7
14
6
9
6
8
6
10
6
10
8
7
6
6
11
11
8
5
6
6
10
7
3
4
12
6
2
4
5
8
7
4
12
24
14
20
13
13
27
19
19
20
28
23
37
37
47
55
66
49
46
64
71
86
84
89
130
122
149
186
209
227
241
240
236
234
255
164
288
213
187
170
154
188
135
168
174
158
136
171
141
141
139
157
161
165
118
142
142
126
113
103
119
135
161
139
125
149
175
140
123
105
131
142
129
143
116
151
158
152
142
128
158
102
112
138
94
97
107
113
101
90
94
109
115
120
102
122
140
145
150
147
161
161
153
138
116
136
149
140
104
150
137
155
107
136
144
138
108
147
150
127
109
144
167
122
122
134
150
158
142
145
143
147
149
164
144
128
138
136
133
163
156
169
136
154
150
195
190
175
207
217
233
249
202
256
215
270
164
221
206
245
201
156
143
146
147
126
125
111
148
113
117
95
133
136
105
129
138
137
117
102
152
156
149
184
157
172
127
149
151
154
115
118
141
108
109
87
130
113
125
103
118
110
117
84
114
81
66
75
88
77
101
96
90
70
89
72
43
56
54
52
58
49
45
48
52
54
42
39
44
47
34
38
43
31
22
28
28
25
18
15
31
25
21
18
21
7
14
11
13
15
17
15
13
10
11
13
13
13
14
16
14
5
11
11
7
8
9
6
11
8
4
7
8
5
6
12
9
12
4
15
8
5
9
14
11
9
14
6
7
8
14
20
21
17
22
20
25
26
29
41
36
38
47
59
53
48
55
53
68
89
76
115
153
126
154
174
204
185
249
245
273
221
233
262
246
252
168
203
181
209
161
155
174
140
147
165
183
134
118
186
168
155
138
134
147
158
130
128
127
123
117
134
124
151
120
124
139
117
106
147
126
128
133
120
136
167
165
145
83
113
120
112
94
95
118
93
115
89
103
99
101
105
120
90
117
145
128
157
149
142
161
181
144
130
152
126
155
117
145
137
130
119
161
143
95
122
155
139
119
171
169
109
137
138
157
123
101
177
118
162
166
185
165
156
138
123
141
166
141
174
130
139
193
201
223
201
210
231
214
266
191
276
255
183
205
227
164
205
149
136
129
158
143
127
114
107
136
144
154
125
147
121
135
111
129
127
127
104
99
186
189
142
177
162
159
135
160
157
140
104
102
126
148
92
119
122
138
105
104
110
114
93
76
83
65
80
75
96
120
108
82
96
86
59
59
73
60
42
50
54
48
50
40
47
36
40
44
32
32
27
31
24
21
21
20
26
17
19
29
10
26
13
17
5
19
11
24
13
15
15
9
19
17
13
9
14
9
10
16
12
18
11
11
9
11
12
17
7
10
9
5
10
13
17
4
14
11
7
6
6
11
10
4
9
9
9
16
12
9
13
15
18
30
20
29
25
24
40
45
48
42
40
45
59
59
55
80
58
83
101
110
133
154
211
214
216
236
227
245
227
271
212
228
194
231
207
152
158
197
179
154
159
143
163
176
138
132
148
153
143
146
115
133
119
136
136
78
118
131
142
131
122
135
147
132
112
103
124
137
142
145
125
170
186
162
166
129
132
143
140
120
121
118
141
126
117
112
105
118
127
126
119
133
128
154
150
167
169
163
167
151
124
155
149
158
140
152
164
133
124
151
146
142
104
166
150
155
133
129
142
155
148
147
155
141
159
164
157
129
151
126
183
163
147
145
144
162
132
173
171
170
216
225
205
210
218
201
213
224
197
178
234
259
179
241
225
220
222
156
140
171
184
153
136
168
206
172
176
190
182
147
154
136
155
102
104
137
160
130
127
147
134
110
112
126
144
124
86
121
111
80
60
85
116
102
86
107
102
76
77
91
92
71
81
79
56
89
80
91
65
78
71
60
72
53
53
64
52
50
40
53
45
41
30
47
31
32
31
37
41
34
21
32
24
29
17
23
26
21
14
20
4
28
16
13
18
16
16
16
14
15
7
18
10
11
8
6
14
12
9
17
7
11
18
10
11
11
5
6
7
12
10
10
10
4
12
11
12
11
12
9
9
13
12
7
14
12
16
9
17
15
21
29
37
22
33
22
26
36
30
50
43
43
39
49
55
72
48
59
55
63
71
73
107
101
81
94
118
73
99
93
117
93
91
129
115
95
115
113
130
83
121
117
87
139
129
108
124
153
111
140
95
152
143
150
131
174
140
156
159
198
167
161
118
146
142
189
169
176
157
170
171
126
174
109
96
99
111
95
97
97
96
84
102
75
97
88
85
106
108
96
117
134
69
101
137
112
102
99
131
89
85
122
112
89
94
125
100
68
119
101
85
103
129
127
86
121
119
99
102
90
97
109
90
145
93
99
112
105
101
133
94
124
123
77
132
124
126
101
112
123
87
132
126
146
119
119
158
117
131
122
130
128
98
135
82
118
96
140
112
87
111
120
102
99
111
95
92
94
70
106
120
97
90
112
89
88
88
90
79
83
93
87
90
100
74
91
73
77
80
92
81
82
72
77
86
78
82
84
89
71
48
74
70
64
76
68
78
57
54
62
64
66
47
73
52
57
42
60
55
46
54
32
42
46
49
25
34
28
28
23
39
34
34
24
23
13
21
19
9
15
23
24
27
21
19
12
13
23
13
11
12
18
16
10
13
13
8
19
11
7
19
12
15
13
12
8
10
21
10
12
8
11
10
7
15
14
12
11
14
10
9
8
13
10
17
14
15
11
14
20
21
22
22
31
23
17
32
21
25
36
33
53
35
32
31
41
48
45
38
60
54
38
56
56
56
58
71
57
70
65
68
69
82
63
65
76
65
86
90
110
60
66
78
82
87
82
71
107
94
96
101
98
114
86
103
84
68
80
105
89
86
108
94
96
93
106
86
94
111
79
92
90
73
70
86
81
67
69
88
71
92
60
105
95
92
78
95
87
88
84
99
90
109
78
88
82
114
73
110
98
85
72
108
96
76
65
94
95
78
119
90
93
74
94
100
96
83
88
114
81
143
99
81
114
88
120
89
89
89
90
122
104
103
80
93
119
80
122
82
108
105
73
121
82
100
81
92
110
83
78
102
79
104
61
107
101
100
82
96
106
94
91
110
84
98
107
90
112
97
98
74
76
62
88
87
66
61
78
71
86
67
72
86
86
102
84
71
56
89
78
65
76
76
81
76
95
63
51
64
72
53
81
67
44
51
68
66
44
61
54
47
47
41
37
37
50
27
27
46
39
28
36
26
30
17
17
31
24
24
17
21
18
27
18
13
17
5
16
15
14
11
18
14
13
12
18
18
16
15
10
7
11
13
8
9
6
7
12
4
14
4
5
7
6
13
12
6
8
9
3
11
9
10
12
9
9
15
11
6
12
9
9
14
22
21
17
27
21
33
41
43
61
59
58
53
76
57
53
75
82
80
92
104
124
130
150
181
239
217
222
204
248
243
179
249
182
201
197
187
185
189
182
166
144
156
148
156
145
165
142
160
135
137
153
147
145
99
132
136
142
131
93
0
0
0
0
0
0
0
0
0
0
0
0
0
0
0
0
0
0
66
102
118
84
113
89
107
101
100
92
110
106
89
102
137
120
136
107
165
110
0
0
0
59
126
142
117
131
141
135
111
135
155
140
99
134
158
124
116
167
155
130
124
148
138
139
142
130
140
124
135
152
126
124
100
127
167
121
171
166
132
118
177
152
190
165
196
186
190
185
215
209
238
242
176
207
202
155
166
172
160
139
135
128
157
142
117
157
140
134
143
143
148
110
126
139
120
106
112
123
155
142
160
175
179
140
133
145
161
146
123
153
133
116
122
127
155
110
109
105
99
115
80
114
71
100
92
94
89
103
105
82
108
73
79
65
55
63
48
67
40
48
48
45
31
32
52
44
29
31
20
27
30
29
20
20
23
17
14
22
19
20
12
20
6
12
11
25
12
15
19
7
10
15
4
12
14
20
12
14
10
8
11
14
8
11
3
15
11
10
5
8
5
7
9
8
6
8
7
7
10
5
16
9
9
11
13
11
13
8
16
12
12
17
22
17
28
37
39
41
52
45
44
45
59
45
65
71
79
90
97
128
117
132
164
223
185
216
261
262
202
299
211
213
250
169
179
181
191
169
153
165
157
175
189
147
127
161
154
148
144
109
142
152
172
139
115
153
144
154
136
113
141
141
163
131
118
140
128
125
113
114
163
138
169
135
103
112
124
114
122
89
115
98
120
78
87
88
97
116
114
88
115
116
133
129
137
114
169
153
143
119
133
140
128
128
161
145
146
121
160
130
143
119
146
145
134
130
154
147
148
104
120
167
153
151
138
133
139
136
161
137
123
146
135
145
155
136
139
159
109
169
181
167
159
182
197
199
228
277
226
200
239
243
227
175
179
174
200
167
150
148
164
128
105
177
142
126
135
162
132
104
154
109
119
95
119
118
149
154
176
177
149
152
137
153
146
136
149
131
107
106
125
109
134
126
130
112
94
89
105
100
83
68
119
114
87
127
89
67
85
90
69
73
67
57
48
51
63
51
45
49
44
43
40
33
43
36
37
30
30
29
18
15
21
20
21
24
27
18
34
10
8
16
20
10
16
12
17
14
12
12
6
13
15
14
12
9
12
7
8
2
9
10
9
11
7
3
13
6
6
7
12
5
9
11
10
9
7
4
11
1
12
12
11
16
15
17
10
17
17
20
28
24
22
36
28
37
35
58
45
56
41
68
60
72
72
67
103
113
119
144
180
226
208
239
244
180
248
214
275
191
207
211
199
176
159
158
120
159
171
136
159
156
126
134
164
147
166
141
125
172
165
143
137
110
133
135
144
127
111
114
115
138
128
94
127
118
135
130
112
123
144
153
123
120
113
120
100
134
90
111
119
111
102
103
93
109
108
127
127
142
142
166
159
157
168
168
177
130
150
169
141
142
122
157
127
115
113
132
142
117
130
134
122
122
109
0
0
0
0
0
0
0
0
0
0
0
0
0
0
72
130
149
144
153
147
126
147
140
168
127
137
197
200
230
234
243
268
208
218
212
205
217
172
143
203
182
161
148
146
129
134
164
136
125
132
140
118
101
117
148
107
96
147
115
172
134
171
171
145
135
177
155
153
117
142
140
130
123
121
115
128
104
112
115
126
111
127
100
88
108
102
59
91
92
98
78
76
104
62
82
71
72
57
54
55
52
53
41
40
37
33
50
29
28
30
34
22
37
25
17
17
23
23
21
19
27
10
15
6
15
15
16
14
13
23
7
14
19
11
3
12
6
12
12
9
13
11
10
7
10
10
11
11
10
12
9
8
6
7
8
8
5
8
4
3
7
10
12
7
8
7
9
18
16
15
18
15
17
25
22
23
31
39
41
45
50
62
58
56
66
67
89
57
109
106
110
133
151
189
199
197
194
267
252
205
229
226
204
245
196
199
151
169
153
168
155
161
169
139
181
134
150
162
156
145
138
122
123
159
132
111
117
145
128
150
102
114
144
149
129
131
117
145
150
124
149
122
142
140
182
127
98
109
127
105
96
76
97
113
96
101
68
125
111
121
110
98
106
122
141
148
125
156
138
145
119
130
169
153
161
124
150
121
132
110
132
150
137
124
133
157
155
114
144
158
134
109
139
136
59
130
147
117
159
124
146
153
156
147
125
134
153
173
149
146
172
197
205
190
146
222
287
176
290
211
249
261
236
230
215
223
210
182
190
164
157
132
152
133
137
159
182
146
124
126
130
153
117
130
142
108
125
132
182
178
173
159
194
156
112
142
150
147
135
123
128
116
118
118
161
134
122
88
103
93
73
89
96
86
86
114
102
123
108
101
84
91
79
56
74
61
61
63
57
53
46
46
69
42
39
35
43
36
27
30
35
27
23
29
21
20
25
18
17
14
17
6
19
22
18
12
19
19
20
14
21
14
13
18
13
8
6
8
7
8
11
12
11
10
14
8
13
6
9
12
5
3
8
6
8
17
9
7
3
8
7
10
7
8
16
8
14
12
12
9
9
19
12
13
24
46
26
44
57
62
46
52
52
69
71
65
84
104
87
113
170
144
158
187
249
240
228
233
255
206
271
215
220
216
185
180
193
163
154
184
156
169
157
161
137
151
165
133
129
111
152
129
163
122
117
116
134
148
146
125
129
130
137
136
123
126
127
124
153
136
145
133
155
139
121
101
119
111
119
115
105
108
130
107
88
97
118
108
117
111
93
140
159
147
138
100
157
138
139
113
163
159
117
94
155
138
140
126
131
136
123
94
138
161
141
115
122
155
137
136
149
153
146
145
172
149
136
125
133
149
145
138
127
100
115
194
193
187
212
251
231
246
260
183
242
233
214
207
235
176
197
134
196
178
197
219
178
156
176
172
165
132
180
177
104
150
170
175
129
128
151
165
130
131
130
161
140
157
168
145
115
110
152
142
104
124
126
105
109
93
104
117
108
87
77
111
75
104
88
79
85
90
73
74
76
68
65
56
71
80
58
56
73
40
57
43
43
59
51
52
37
41
54
34
34
39
38
23
34
27
27
18
23
20
31
20
18
18
27
7
15
19
14
23
22
5
13
13
9
9
22
9
7
12
19
15
12
20
6
9
17
7
7
8
16
5
8
8
14
7
10
14
13
17
15
15
10
11
7
4
7
15
12
16
17
21
5
17
13
18
13
10
25
20
23
28
40
34
40
37
43
53
45
45
58
67
67
71
71
71
71
93
101
69
86
106
76
99
83
96
102
74
107
100
94
100
112
74
99
89
121
131
118
85
116
120
93
126
104
112
132
115
111
105
114
85
106
87
90
105
104
105
97
92
94
92
98
88
91
105
77
94
104
93
96
74
114
71
108
95
85
77
116
82
82
104
80
125
104
103
93
117
94
108
108
105
105
119
115
85
127
104
128
79
127
124
81
69
147
100
93
126
132
101
101
121
137
98
110
128
128
109
110
111
111
90
113
92
111
115
139
105
118
121
99
125
120
136
143
125
183
129
149
132
129
171
105
184
130
130
169
113
152
117
123
87
108
115
81
131
92
103
118
97
76
84
88
84
94
84
90
67
83
105
89
54
63
92
80
85
48
76
96
79
87
76
95
90
71
82
93
86
73
83
63
74
68
88
62
55
76
62
70
70
65
53
42
61
55
45
71
45
44
53
55
48
39
43
46
43
33
30
41
37
32
32
45
28
27
30
27
33
25
26
18
26
31
10
28
25
24
18
28
24
18
16
11
19
14
20
13
20
13
18
11
5
18
7
13
10
22
13
6
17
9
9
13
15
13
13
14
13
10
17
9
11
8
8
7
8
14
12
8
16
17
12
12
10
15
15
25
21
24
36
17
20
21
32
35
32
34
40
45
37
45
43
37
41
32
44
51
50
44
49
58
54
58
59
59
69
73
44
62
71
56
62
69
69
60
80
73
93
71
85
72
81
85
97
71
97
72
66
80
98
81
98
99
88
87
68
93
92
93
82
72
96
79
80
85
109
99
85
79
65
86
89
84
69
79
74
81
95
69
73
74
97
74
82
90
105
117
94
63
105
116
90
70
108
104
99
72
100
100
78
91
98
93
82
86
105
103
82
94
104
74
96
107
89
92
101
104
72
127
72
104
91
114
107
80
122
72
119
98
85
106
96
115
105
81
95
84
97
79
113
85
92
105
96
102
95
98
71
68
94
62
72
72
100
93
84
84
88
78
79
78
84
96
80
80
90
58
73
85
86
68
73
75
74
89
58
57
94
92
65
78
50
96
88
70
55
66
80
75
55
67
65
74
69
70
40
58
70
44
38
58
53
48
53
52
46
36
53
36
44
31
23
30
38
43
27
18
22
36
24
32
23
19
29
25
25
27
17
18
16
16
8
22
11
10
10
17
8
19
13
15
9
14
13
8
11
12
10
8
9
9
17
11
8
11
9
6
7
6
6
6
8
10
11
10
3
11
12
8
8
11
10
12
9
11
8
11
15
21
17
28
31
25
27
42
39
68
47
46
61
69
50
60
61
87
81
83
129
137
125
125
199
202
210
241
217
293
250
207
227
207
182
192
205
183
170
163
165
149
128
130
143
157
148
153
114
146
145
168
136
130
99
122
133
149
106
113
134
112
134
109
115
118
150
114
128
117
146
133
135
142
113
135
125
118
117
90
135
109
118
98
88
107
110
104
118
101
129
107
131
141
115
153
158
185
182
153
192
182
166
145
189
218
200
142
170
186
173
124
172
160
148
102
137
139
137
120
156
150
135
124
113
137
139
115
126
145
138
126
126
128
116
154
139
159
144
148
161
148
158
167
180
180
203
226
203
252
252
189
179
210
190
152
196
189
174
144
156
130
140
98
116
152
122
150
107
134
115
127
123
119
112
130
98
114
137
158
133
169
181
169
125
129
127
138
130
97
157
115
123
95
149
125
127
97
104
106
94
97
81
87
102
90
84
126
103
79
88
70
71
71
72
52
51
62
55
42
59
59
45
44
42
35
33
29
30
21
14
14
21
26
24
15
11
23
25
20
13
12
9
6
17
23
16
16
17
12
10
8
12
8
12
7
11
16
15
9
9
9
14
11
10
11
11
15
17
2
11
15
8
11
3
7
12
10
5
10
13
5
14
12
6
5
12
7
8
15
8
16
21
17
20
29
28
43
47
48
56
48
51
50
75
73
88
82
110
122
116
155
163
196
247
221
233
269
204
264
227
164
254
206
188
175
187
166
148
162
169
163
138
154
147
117
158
160
155
151
125
143
130
143
152
110
139
131
134
126
118
117
129
124
141
134
120
119
135
142
128
154
148
138
131
117
115
124
114
121
93
75
99
112
102
99
82
119
114
113
117
122
150
136
150
174
114
151
186
149
115
155
149
149
115
155
140
139
108
151
156
146
108
134
148
124
111
152
148
152
123
136
133
159
142
159
155
148
131
150
153
171
154
187
171
146
160
187
185
181
190
171
192
213
222
229
221
202
226
215
241
211
241
212
194
158
181
146
147
149
146
133
145
158
132
166
134
125
123
149
125
145
106
127
141
125
128
173
183
156
156
164
156
169
156
122
135
140
117
124
103
136
112
127
125
89
102
74
81
78
80
114
98
69
95
120
96
109
91
65
68
70
70
57
68
51
43
47
39
37
34
40
38
20
39
31
39
26
27
37
24
18
26
19
24
13
20
16
19
9
2
16
7
13
16
12
9
15
11
20
10
10
11
14
12
10
16
13
11
6
2
13
6
7
13
8
12
10
6
8
8
8
6
10
7
7
7
5
8
13
5
9
4
14
14
17
13
13
8
17
16
23
21
17
30
42
36
51
44
57
56
52
59
78
64
90
122
112
118
116
204
212
194
232
240
71
312
222
266
215
212
255
186
192
205
206
165
180
156
157
146
194
146
156
141
126
122
151
129
159
114
122
157
135
127
107
123
133
124
122
105
111
137
117
148
93
152
165
146
124
140
125
138
131
124
108
111
109
114
96
101
78
103
103
108
112
113
111
120
130
119
117
157
159
161
122
149
156
150
146
107
131
139
142
105
156
121
122
117
132
136
124
134
151
172
139
113
172
143
155
129
122
147
140
151
168
145
158
115
166
169
144
159
159
116
133
163
166
202
193
184
161
202
231
227
212
242
239
227
195
202
247
194
193
175
149
145
151
143
108
124
151
165
144
130
117
136
145
130
102
110
104
98
122
173
174
132
180
173
157
127
120
147
127
125
100
87
112
104
109
122
118
98
102
123
111
94
81
92
89
84
69
77
93
81
75
82
77
101
61
63
54
33
59
39
54
43
40
36
47
42
32
27
20
36
29
23
36
32
34
24
30
19
20
20
24
15
12
8
12
10
17
7
12
18
17
19
11
9
2
13
8
16
12
10
18
9
16
15
16
8
8
14
14
13
18
11
8
11
9
10
16
12
10
14
15
10
10
8
11
15
14
19
10
13
15
7
13
14
25
31
26
32
51
43
59
43
50
45
62
55
70
69
94
104
117
128
140
160
210
201
202
220
286
248
210
248
231
224
192
197
225
195
184
160
181
163
125
184
148
155
175
142
144
152
145
96
0
0
106
136
147
168
150
145
101
118
119
138
124
105
149
123
126
121
122
140
159
151
151
115
124
123
103
117
93
125
96
120
97
93
126
104
120
102
99
124
131
95
144
120
155
152
162
155
122
148
176
157
158
156
148
125
126
148
132
150
114
139
146
144
117
156
146
146
120
144
128
137
163
145
109
112
144
143
153
154
131
114
161
145
155
178
144
132
158
160
171
169
183
190
241
238
223
221
254
241
223
247
231
200
172
171
188
158
124
139
167
134
150
150
185
154
147
102
138
147
135
101
113
122
116
152
183
176
157
143
160
163
157
99
128
127
101
99
127
125
119
98
137
94
127
82
115
104
76
85
110
75
69
97
104
103
98
82
68
72
67
50
68
67
58
44
51
47
33
33
30
26
38
38
36
36
29
20
25
23
16
21
31
19
17
22
20
24
12
6
16
11
14
15
18
11
12
9
0
12
12
7
14
11
5
15
10
6
4
8
8
10
7
8
7
13
10
11
9
13
8
8
12
11
6
15
7
14
8
12
6
7
6
3
13
10
15
16
9
28
22
28
20
32
43
49
43
51
47
46
61
58
64
65
82
123
120
117
155
184
213
208
217
282
275
233
215
232
214
186
235
215
208
156
176
169
161
161
145
129
158
161
162
153
129
135
168
159
153
140
133
153
158
141
114
131
156
126
150
111
134
141
126
142
118
104
125
135
146
150
154
174
139
118
96
102
133
124
117
124
85
121
129
128
106
88
135
119
133
140
105
146
171
190
133
155
181
144
119
134
142
146
138
156
164
138
135
132
139
152
132
132
147
164
142
137
139
142
145
138
113
140
164
164
140
146
156
126
149
158
145
188
164
162
145
194
214
220
217
246
252
243
229
242
219
193
175
191
215
206
197
223
204
225
190
186
161
135
126
130
194
176
138
160
178
156
138
154
138
166
132
104
119
160
126
106
156
154
121
105
123
99
99
79
129
93
106
113
99
83
106
75
79
98
92
86
110
106
72
80
89
65
79
78
82
77
87
74
54
78
85
60
63
55
58
66
55
62
52
49
44
53
45
49
63
34
37
28
47
29
27
21
29
31
21
27
21
11
22
25
19
23
18
21
19
25
0
0
0
0
0
0
0
0
0
0
0
0
0
0
0
0
0
0
0
0
0
0
0
0
0
0
0
0
0
0
0
0
0
0
0
0
0
0
0
1
14
8
11
16
23
23
20
29
32
27
37
25
42
33
55
42
64
76
58
63
92
68
78
89
92
61
90
94
91
90
103
108
131
89
121
153
95
128
139
142
103
113
102
110
90
74
142
141
111
130
138
92
126
107
129
105
111
108
94
113
128
100
133
89
107
89
115
124
112
83
111
103
77
97
107
106
109
107
86
92
86
102
103
117
89
92
85
97
105
125
110
138
112
125
126
132
121
113
107
119
123
77
122
113
107
102
120
138
95
102
109
72
87
119
101
121
79
115
104
128
110
96
125
86
134
136
99
98
97
116
141
88
128
141
102
140
124
145
97
129
136
124
147
99
147
121
123
160
122
164
125
152
137
89
139
93
129
81
98
96
99
104
103
89
106
116
101
89
82
114
102
98
89
97
83
90
72
86
85
98
77
81
91
81
82
79
80
92
77
69
80
79
93
71
86
77
95
83
66
61
76
58
66
78
57
68
74
75
47
68
69
57
54
66
33
52
53
49
59
57
46
41
38
38
39
24
32
27
31
36
31
34
20
25
25
25
18
27
19
15
33
20
26
17
18
23
18
14
15
21
10
16
14
15
18
10
14
6
11
6
9
15
12
9
8
15
9
14
12
14
17
15
12
16
7
11
4
10
7
8
12
6
10
11
14
10
9
8
16
11
24
18
26
16
19
18
22
29
19
35
29
39
30
42
28
43
44
54
48
31
49
54
55
56
58
53
53
57
58
83
54
69
88
49
84
80
85
72
73
99
73
57
85
88
97
90
80
71
108
75
102
94
101
106
69
106
100
103
120
164
135
125
169
139
151
156
148
132
154
115
104
114
90
112
80
74
89
74
76
92
83
97
54
79
92
91
77
80
90
75
91
100
85
100
97
92
101
96
76
101
107
104
71
105
92
84
76
107
95
77
106
120
88
90
95
98
115
80
116
98
77
119
102
68
107
95
103
77
97
92
78
109
102
94
107
96
104
96
120
82
128
115
93
139
100
89
111
95
88
78
58
77
92
67
78
112
90
101
80
121
82
99
95
85
97
84
92
76
76
88
97
94
77
85
90
110
109
93
74
89
78
83
92
71
76
81
83
75
82
74
89
85
72
66
68
62
85
66
57
89
69
42
53
64
55
69
51
50
38
51
48
57
81
46
43
41
24
33
34
36
22
33
38
30
19
13
16
21
20
22
22
7
18
11
21
9
12
6
16
16
17
11
17
8
11
11
7
12
10
18
6
16
9
11
16
13
7
16
9
7
7
11
10
6
6
7
21
11
7
8
8
7
7
7
7
10
6
8
8
8
19
8
11
12
9
11
17
27
33
31
43
42
38
51
56
64
55
56
63
79
71
87
95
101
172
131
149
184
241
203
211
231
272
257
215
220
207
219
189
197
198
162
147
146
175
167
148
163
143
141
172
156
138
119
150
147
154
141
117
151
145
123
144
145
137
103
126
125
121
122
100
114
143
124
123
116
140
122
146
127
112
101
122
122
129
92
102
88
121
122
124
110
110
108
130
138
113
137
131
176
144
121
151
168
162
110
132
168
145
121
157
153
149
99
133
150
155
71
77
155
136
145
139
135
152
178
146
137
141
139
144
156
143
148
146
128
146
125
156
161
153
129
123
131
156
170
166
148
207
208
225
237
224
228
196
192
161
192
129
173
130
143
150
197
133
99
144
150
145
139
143
139
141
127
153
148
165
138
135
192
167
137
186
184
182
168
174
178
135
132
162
136
127
86
109
120
109
106
137
121
97
71
77
98
61
79
85
69
94
81
96
91
79
75
84
68
71
43
55
45
43
22
37
23
30
47
30
18
29
22
22
21
18
20
23
19
18
20
13
14
11
17
19
18
7
7
15
4
8
17
11
10
7
8
12
10
5
4
12
8
9
6
8
7
7
4
3
14
5
13
8
5
5
4
9
6
5
4
6
8
7
4
7
6
9
9
3
6
2
11
14
17
12
8
17
12
21
17
24
32
22
43
36
44
42
47
38
47
53
73
84
87
95
110
134
176
144
173
221
226
171
212
190
210
156
195
166
157
155
196
151
159
122
111
136
132
125
140
128
116
118
139
107
116
106
127
118
120
123
98
103
107
116
114
92
119
95
104
110
90
91
134
103
109
92
140
123
126
128
108
106
102
80
92
59
88
92
93
87
86
84
89
88
106
100
130
127
142
125
113
160
144
123
103
130
109
106
106
121
129
127
101
123
137
134
102
101
122
144
94
110
127
121
111
111
116
122
108
128
118
113
99
118
127
118
126
112
138
115
127
133
133
133
152
146
125
178
177
173
221
200
189
180
188
170
164
138
145
134
138
110
98
98
132
118
90
126
111
77
114
104
107
75
120
130
100
83
99
92
136
116
125
141
147
142
126
128
124
108
117
107
88
98
96
100
109
96
83
102
77
78
88
53
50
75
96
74
84
97
82
64
80
76
65
55
69
52
44
46
51
38
51
33
37
34
43
33
21
29
23
25
25
22
18
23
18
25
17
14
22
17
11
9
4
17
12
19
12
9
15
11
13
14
9
12
10
12
5
8
7
4
4
8
12
7
7
8
4
5
14
11
4
7
10
6
4
6
4
13
37
10
20
4
11
13
20
10
11
10
12
11
12
10
19
28
18
31
35
31
42
46
47
58
56
48
79
70
66
82
116
117
124
149
201
223
194
244
222
275
235
227
236
202
228
169
189
199
197
145
148
165
161
140
158
147
142
157
150
130
114
122
142
159
143
140
127
140
132
114
129
130
138
140
130
111
98
146
133
130
124
124
152
137
140
146
90
148
115
122
98
83
126
110
115
102
97
104
115
116
111
108
143
113
144
156
140
155
177
162
130
151
157
146
124
133
142
143
149
128
137
159
123
131
154
134
126
134
143
144
141
129
154
133
157
155
134
129
144
141
158
131
137
134
139
148
158
157
147
150
185
228
229
234
230
194
195
213
126
140
135
115
123
87
90
65
191
191
189
228
212
161
185
182
160
160
141
176
177
163
160
199
187
163
135
169
153
123
158
194
194
176
180
169
197
162
170
167
168
169
115
136
186
118
93
136
133
114
89
107
95
85
77
64
61
86
69
100
93
86
105
64
101
80
46
49
40
60
54
46
55
40
43
37
38
37
31
37
27
22
23
34
23
16
20
20
22
14
14
17
17
12
5
14
15
12
23
4
11
18
12
8
5
7
9
12
15
9
13
13
8
10
10
10
7
9
12
5
6
7
8
5
7
11
5
9
1
14
7
11
4
12
10
11
7
14
11
17
7
13
15
19
16
11
29
26
25
48
46
51
45
58
47
53
74
68
76
82
98
101
159
158
188
168
218
248
198
249
243
257
271
214
214
227
189
182
174
157
158
139
136
163
157
191
132
161
123
158
135
130
130
123
144
142
131
134
112
137
122
130
116
100
131
112
126
113
114
141
146
124
154
135
135
163
140
114
77
162
113
110
104
90
115
104
116
119
92
104
121
111
133
108
134
148
158
149
156
172
204
215
173
209
211
223
189
209
217
151
159
129
156
130
136
141
128
148
116
134
149
160
146
110
154
141
128
148
139
129
115
123
123
177
165
159
142
114
129
142
126
161
182
196
169
167
199
215
245
226
213
214
199
180
177
167
172
176
173
137
124
142
157
119
120
158
155
118
100
121
162
134
138
145
134
142
142
150
178
175
182
194
194
161
143
178
193
143
152
142
124
112
114
107
123
106
106
104
105
85
92
106
89
73
94
74
79
127
101
101
91
92
95
62
54
69
57
49
54
36
52
30
34
34
38
18
0
0
0
0
0
26
22
16
17
21
22
24
23
10
18
15
8
10
12
18
17
10
14
9
15
7
11
11
9
3
13
15
9
16
6
6
6
2
5
5
8
4
11
9
9
7
6
6
9
9
7
9
5
7
12
5
12
6
8
10
7
6
16
9
12
15
14
17
18
24
45
29
53
49
44
58
51
48
76
80
75
90
113
138
124
117
172
14
211
257
256
230
205
224
248
177
224
200
244
175
185
160
167
181
130
136
162
146
154
151
123
142
169
145
142
111
128
140
146
140
113
146
122
152
123
97
132
121
127
129
111
128
156
125
126
127
137
159
153
131
97
106
132
91
125
108
91
115
126
109
104
109
120
117
135
112
131
150
163
162
149
125
149
174
143
146
145
139
128
142
157
145
142
129
138
149
120
103
146
149
144
155
147
162
144
124
152
137
115
169
157
152
157
150
144
150
185
197
227
204
175
211
199
222
225
252
230
225
258
237
232
250
215
241
232
238
198
254
239
201
180
167
175
204
180
147
119
179
0
115
183
179
127
125
149
140
120
125
131
120
107
188
160
149
130
163
121
137
121
138
115
126
77
138
134
101
99
141
114
92
91
94
105
84
89
94
66
76
91
104
73
77
114
84
82
69
59
49
63
56
59
43
39
36
28
36
33
29
41
24
21
28
27
22
24
13
26
16
16
10
18
16
20
14
7
22
13
13
9
10
8
15
12
12
13
13
13
9
12
16
5
9
6
10
16
12
16
10
7
11
4
4
5
11
9
10
10
15
5
13
3
9
1
9
11
6
11
5
16
6
10
14
6
9
12
15
17
31
38
41
26
49
41
56
45
69
46
74
71
86
103
156
141
142
166
209
255
228
230
240
271
208
207
224
244
186
155
199
167
181
162
150
179
157
151
173
178
148
194
158
163
159
140
151
86
178
190
180
171
177
158
145
152
143
128
139
135
143
147
129
169
166
176
169
184
172
146
132
137
101
116
98
125
115
93
111
79
102
105
111
115
134
125
131
121
155
155
192
162
134
148
168
134
144
151
145
172
130
161
175
158
139
122
170
136
104
136
135
121
114
141
135
124
108
133
127
114
134
122
139
102
150
118
140
173
153
184
126
161
147
175
186
234
184
220
190
194
206
206
202
209
197
194
127
131
89
119
156
147
174
137
141
141
154
143
170
155
116
177
131
154
124
125
129
120
121
105
93
138
118
202
147
166
134
123
125
147
110
116
87
125
100
97
75
106
110
112
76
85
95
80
76
88
72
72
78
67
91
83
81
56
60
68
46
57
39
47
42
32
38
32
47
43
28
26
28
38
32
26
32
18
27
21
25
14
20
20
8
18
26
13
9
8
10
10
11
8
19
9
11
10
14
18
10
15
10
14
13
9
3
4
15
10
12
12
7
9
6
11
8
16
12
12
6
6
3
8
3
3
8
8
7
12
8
8
12
6
11
8
14
17
37
25
28
44
33
42
63
55
69
56
66
77
62
114
96
92
103
162
165
101
183
190
188
190
221
273
226
255
259
246
183
215
218
169
196
239
159
139
162
156
174
125
139
156
157
141
147
154
143
149
127
156
120
142
144
109
142
135
121
122
103
136
120
132
120
112
132
116
131
127
113
131
132
124
118
90
109
98
121
111
97
105
101
75
108
120
88
109
115
119
113
116
129
154
152
136
130
134
134
135
111
139
146
139
103
126
147
134
125
164
136
140
122
150
152
137
107
155
168
147
120
152
135
145
143
142
137
149
133
142
151
163
178
143
136
124
128
168
160
159
148
182
184
198
196
219
235
212
213
183
183
184
154
201
186
162
149
161
144
188
166
125
203
138
138
166
143
161
139
135
156
121
84
95
124
161
143
172
146
167
126
149
153
138
139
117
100
114
91
87
93
127
113
103
110
87
98
98
122
73
79
94
72
71
132
117
84
108
92
61
63
72
44
40
43
36
49
46
35
32
38
37
32
38
31
22
26
29
30
16
16
14
13
14
7
21
11
11
8
5
12
8
14
13
10
18
16
20
14
7
9
9
5
13
6
7
6
2
10
10
7
7
5
2
8
7
6
8
7
11
5
10
5
8
12
6
9
8
9
6
9
12
16
11
11
7
25
15
27
24
21
23
27
27
41
41
63
55
65
69
53
79
89
93
105
129
148
113
158
153
185
182
206
246
243
250
244
243
213
218
208
182
186
217
187
156
158
156
172
149
159
139
144
148
176
148
142
150
123
135
133
153
132
127
140
136
127
113
105
111
123
125
139
127
128
141
133
152
142
127
128
160
124
123
90
100
120
104
107
115
102
111
102
91
80
108
139
132
107
106
137
140
159
155
115
167
138
137
96
129
154
142
107
163
143
142
121
168
148
144
121
157
162
139
129
155
149
146
119
130
155
155
143
170
144
137
121
155
166
138
158
146
148
154
160
174
178
200
178
189
220
208
238
240
224
237
237
186
212
234
237
225
187
174
187
193
147
145
124
163
135
167
171
155
97
168
165
138
138
131
95
166
119
167
182
178
150
155
175
151
131
144
154
142
103
138
120
115
89
118
157
111
91
108
98
95
98
102
62
67
89
78
117
106
94
78
84
68
56
50
61
48
50
